1210.68926682	0.0
1210.83085683	0.0
1210.97244685	0.0
1211.11403687	0.0
1211.25562688	0.0
1211.3972169	0.0
1211.53880692	0.0
1211.68039694	0.0
1211.82198695	0.0
1211.96357697	0.0
1212.10516699	0.0
1212.246757	0.0
1212.38834702	0.0
1212.52993704	0.0
1212.67152705	0.0
1212.81311707	0.0
1212.95470709	0.0
1213.09629711	0.0
1213.23788712	0.0
1213.37947714	0.0
1213.52106716	0.0
1213.66265717	0.0
1213.80424719	0.0
1213.94583721	44.3730348949
1214.08742723	0.0144849640569
1214.22901724	0.0
1214.37060726	5.04718991592
1214.51219728	508.707965454
1214.65378729	2177.31398293
1214.79537731	1447.33955501
1214.93696733	1732.25224555
1215.07855734	1337.15498977
1215.22014736	1096.29893585
1215.36173738	982.286117357
1215.5033274	1032.73141312
1215.64491741	910.552150314
1215.78650743	791.894449442
1215.92809745	636.256187556
1216.06968746	733.324623223
1216.21127748	690.318308794
1216.3528675	639.129292404
1216.49445752	838.96246584
1216.63604753	919.266577779
1216.77763755	875.31467484
1216.91922757	2353.85084298
1217.06081758	2097.44256231
1217.2024076	2392.05669058
1217.34399762	3245.52354519
1217.48558763	3119.79724548
1217.62717765	3373.25432682
1217.76876767	2030.52285525
1217.91035769	1214.36472227
1218.0519477	570.183251313
1218.19353772	334.182827207
1218.33512774	600.549021117
1218.47671775	188.33173117
1218.61830777	292.325356138
1218.75989779	216.317371683
1218.90148781	294.560189216
1219.04307782	235.892136387
1219.18466784	166.705015363
1219.32625786	3.37384740938
1219.46784787	225.880187153
1219.60943789	155.538708593
1219.75102791	293.590159061
1219.89261792	238.007321805
1220.03420794	109.110295636
1220.17579796	1.6727933916
1220.31738798	118.447914119
1220.45897799	0.0
1220.60056801	0.0
1220.74215803	51.1959681672
1220.88374804	0.0
1221.02533806	83.0509529775
1221.16692808	0.0
1221.30851809	0.0
1221.45010811	0.0
1221.59169813	0.25363116229
1221.73328815	0.0
1221.87487816	0.0
1222.01646818	0.0
1222.1580582	0.0
1222.29964821	0.0
1222.44123823	0.0
1222.58282825	0.0
1222.72441827	0.0
1222.86600828	0.0
1223.0075983	0.0
1223.14918832	0.0
1223.29077833	0.0
1223.43236835	0.0
1223.57395837	0.0
1223.71554838	0.0
1223.8571384	0.0
1223.99872842	0.0
1224.14031844	0.0
1224.28190845	0.0
1224.42349847	0.0
1224.56508849	0.0
1224.7066785	0.0
