1210.68845702	0.0
1210.81790244	0.0
1210.94734787	0.0
1211.07679329	0.0
1211.20623872	0.0
1211.33568415	0.0
1211.46512957	0.0
1211.594575	0.0
1211.72402043	0.0
1211.85346585	0.0
1211.98291128	0.0
1212.1123567	0.0
1212.24180213	0.0
1212.37124756	0.0
1212.50069298	0.0
1212.63013841	0.0
1212.75958383	0.0
1212.88902926	0.0
1213.01847469	0.0
1213.14792011	0.0
1213.27736554	0.0
1213.40681097	0.0
1213.53625639	0.0
1213.66570182	0.0
1213.79514724	0.0
1213.92459267	0.0
1214.0540381	106.265778568
1214.18348352	0.0
1214.31292895	0.0
1214.44237437	0.0
1214.5718198	146.272234413
1214.70126523	4.96613872263
1214.83071065	84.1791209074
1214.96015608	90.5066623689
1215.08960151	63.0551269433
1215.21904693	196.818126456
1215.34849236	223.291870071
1215.47793778	402.557235801
1215.60738321	445.209827757
1215.73682864	175.723462842
1215.86627406	844.825376308
1215.99571949	501.46704782
1216.12516491	875.283376167
1216.25461034	1278.30475123
1216.38405577	1158.46642078
1216.51350119	2888.3145512
1216.64294662	3198.31224132
1216.77239205	3086.37632979
1216.90183747	3352.07806289
1217.0312829	2509.03290209
1217.16072832	2138.01236176
1217.29017375	1330.20874842
1217.41961918	1454.96209656
1217.5490646	1433.14202029
1217.67851003	818.326913882
1217.80795545	1209.89974103
1217.93740088	1149.45977613
1218.06684631	1138.85322386
1218.19629173	723.001437225
1218.32573716	1188.1319505
1218.45518259	755.23256379
1218.58462801	777.039678833
1218.71407344	620.181952387
1218.84351886	980.582581618
1218.97296429	466.384054247
1219.10240972	720.221114052
1219.23185514	151.422760056
1219.36130057	536.904699662
1219.49074599	175.477904711
1219.62019142	61.6077000587
1219.74963685	23.5124512334
1219.87908227	114.304199484
1220.0085277	5.52841581378
1220.13797312	109.416449395
1220.26741855	98.527470715
1220.39686398	55.5239233668
1220.5263094	0.0
1220.65575483	0.0135777576361
1220.78520026	2.22648007787
1220.91464568	56.1868301025
1221.04409111	7.6737701174
1221.17353653	0.0
1221.30298196	0.0
1221.43242739	0.0
1221.56187281	0.0
1221.69131824	0.0
1221.82076366	0.0
1221.95020909	0.0
1222.07965452	0.0
1222.20909994	0.0
1222.33854537	0.0
1222.4679908	0.0
1222.59743622	0.0
1222.72688165	0.0
1222.85632707	0.0
1222.9857725	0.0
1223.11521793	0.0
1223.24466335	0.0
1223.37410878	0.0
1223.5035542	0.0
