1210.68847436	0.0
1210.83901473	0.0
1210.9895551	0.0
1211.14009547	0.0
1211.29063584	0.0
1211.44117621	0.0
1211.59171659	0.0
1211.74225696	0.0
1211.89279733	0.0
1212.0433377	0.0
1212.19387807	0.0
1212.34441844	0.0
1212.49495881	0.0
1212.64549918	0.0
1212.79603955	0.0
1212.94657992	0.0
1213.09712029	0.0
1213.24766066	0.0
1213.39820103	0.0
1213.5487414	0.0
1213.69928177	0.0
1213.84982214	0.0
1214.00036251	0.0
1214.15090288	68.214340975
1214.30144325	35.8161990441
1214.45198362	0.0
1214.60252399	77.9328294177
1214.75306436	55.7460569053
1214.90360473	19.2187185607
1215.0541451	44.9536732732
1215.20468547	39.552893503
1215.35522584	209.81907651
1215.50576621	159.7751182
1215.65630658	382.857759403
1215.80684695	368.303541873
1215.95738732	904.141981104
1216.10792769	1284.23742736
1216.25846806	1266.77333077
1216.40900843	1635.22832937
1216.5595488	2125.29873673
1216.71008918	2219.43475551
1216.86062955	3078.07607282
1217.01116992	3049.73847109
1217.16171029	2796.47577234
1217.31225066	2275.85559082
1217.46279103	1126.21370448
1217.6133314	1666.37970708
1217.76387177	1649.43585125
1217.91441214	1150.32875444
1218.06495251	1390.00617837
1218.21549288	1309.0392872
1218.36603325	1384.31904484
1218.51657362	997.112794773
1218.66711399	1086.17767356
1218.81765436	1345.48909941
1218.96819473	851.638502449
1219.1187351	816.743724042
1219.26927547	381.152238562
1219.41981584	309.268522612
1219.57035621	420.495575709
1219.72089658	274.404092449
1219.87143695	293.301420372
1220.02197732	125.340582005
1220.17251769	325.184519056
1220.32305806	105.206477564
1220.47359843	169.613136131
1220.6241388	3.24482664826
1220.77467917	88.0678824805
1220.92521954	74.3325039669
1221.07575991	8.62618688971
1221.22630028	87.9009726253
1221.37684065	0.0
1221.52738102	0.181392472361
1221.67792139	57.2478895332
1221.82846177	0.0
1221.97900214	0.0
1222.12954251	0.0
1222.28008288	0.0
1222.43062325	0.0
1222.58116362	0.0
1222.73170399	0.0
1222.88224436	0.0
1223.03278473	0.0
1223.1833251	0.0
1223.33386547	0.0
1223.48440584	0.0
1223.63494621	0.0
1223.78548658	0.0
1223.93602695	0.0
1224.08656732	0.0
1224.23710769	0.0
1224.38764806	0.0
1224.53818843	0.0
1224.6887288	0.0
1224.83926917	0.0
1224.98980954	0.0
1225.14034991	0.0
1225.29089028	0.0
1225.44143065	0.0
1225.59197102	0.0
