1210.60401507	0.0
1210.79227092	0.0
1210.98052677	0.0
1211.16878262	0.0
1211.35703847	0.0
1211.54529433	0.0
1211.73355018	0.0
1211.92180603	0.0
1212.11006188	0.0
1212.29831773	0.0
1212.48657358	0.0
1212.67482944	0.0
1212.86308529	0.0
1213.05134114	0.0
1213.23959699	0.0
1213.42785284	41.3975805557
1213.6161087	46.9125403341
1213.80436455	0.0
1213.9926204	0.0
1214.18087625	0.0
1214.3691321	0.0
1214.55738795	82.2920891102
1214.74564381	0.0
1214.93389966	0.0
1215.12215551	0.0
1215.31041136	7.24649288184
1215.49866721	0.0
1215.68692307	44.7395084396
1215.87517892	147.239359727
1216.06343477	217.683623312
1216.25169062	229.139926548
1216.43994647	631.397361829
1216.62820232	562.391397314
1216.81645818	1684.88715242
1217.00471403	1641.7320999
1217.19296988	1604.76784822
1217.38122573	1268.53773409
1217.56948158	1681.16586685
1217.75773744	1045.42669678
1217.94599329	1527.5417366
1218.13424914	1670.31659687
1218.32250499	1878.90291933
1218.51076084	2188.24837429
1218.69901669	1295.62222661
1218.88727255	1856.11856388
1219.0755284	2101.06439865
1219.26378425	2318.96491685
1219.4520401	1577.51991544
1219.64029595	1219.90180562
1219.8285518	856.63475305
1220.01680766	1271.71892286
1220.20506351	1362.82941465
1220.39331936	1481.34152111
1220.58157521	1252.49683079
1220.76983106	820.770652557
1220.95808692	813.520729349
1221.14634277	1069.30470649
1221.33459862	931.16483669
1221.52285447	686.782136232
1221.71111032	500.939512347
1221.89936617	120.557322998
1222.08762203	549.835090604
1222.27587788	280.765746732
1222.46413373	158.047151132
1222.65238958	175.271973223
1222.84064543	257.415378561
1223.02890129	75.9449837188
1223.21715714	238.019424314
1223.40541299	23.6338752394
1223.59366884	191.281363567
1223.78192469	145.281814011
1223.97018054	26.0179356423
1224.1584364	85.093212796
1224.34669225	42.6859149922
1224.5349481	17.6997752164
1224.72320395	103.712819496
1224.9114598	0.0
1225.09971566	5.87080609793
1225.28797151	84.6729041681
1225.47622736	0.0
1225.66448321	48.4502992847
1225.85273906	0.85609613642
1226.04099491	0.0
1226.22925077	0.0
1226.41750662	0.0
1226.60576247	0.0
1226.79401832	0.0
1226.98227417	0.0
1227.17053002	0.0
1227.35878588	0.0
1227.54704173	0.0
1227.73529758	0.0
1227.92355343	0.0
1228.11180928	0.0
1228.30006514	0.0
1228.48832099	0.0
1228.67657684	0.0
1228.86483269	0.0
1229.05308854	0.0
1229.24134439	0.0
