1210.68984598	0.0
1210.83355128	0.0
1210.97725658	0.0
1211.12096188	0.0
1211.26466718	0.0
1211.40837249	0.0
1211.55207779	0.0
1211.69578309	0.0
1211.83948839	0.0
1211.98319369	0.0
1212.126899	0.0
1212.2706043	0.0
1212.4143096	0.0
1212.5580149	0.0
1212.7017202	0.0
1212.8454255	0.0
1212.98913081	0.0
1213.13283611	0.0
1213.27654141	0.0
1213.42024671	0.0
1213.56395201	0.0
1213.70765731	0.0
1213.85136262	0.0
1213.99506792	0.0
1214.13877322	0.0150415916869
1214.28247852	145.877796001
1214.42618382	842.259489737
1214.56988912	1662.47819051
1214.71359443	3174.01979516
1214.85729973	1375.94951756
1215.00100503	899.470007457
1215.14471033	1206.63877574
1215.28841563	1102.11785224
1215.43212094	1385.7552349
1215.57582624	1456.65658227
1215.71953154	900.051793975
1215.86323684	625.89588439
1216.00694214	948.925774657
1216.15064744	924.56783513
1216.29435275	556.083862565
1216.43805805	1019.99803419
1216.58176335	585.628387806
1216.72546865	427.23807699
1216.86917395	368.431314213
1217.01287925	205.811592765
1217.15658456	627.716885064
1217.30028986	351.313874717
1217.44399516	1062.18199358
1217.58770046	1305.9588179
1217.73140576	1413.02157483
1217.87511106	1884.69526615
1218.01881637	1807.30836265
1218.16252167	1998.60028689
1218.30622697	1990.97453064
1218.44993227	1950.9218615
1218.59363757	2019.23914909
1218.73734287	1069.79214421
1218.88104818	644.479137189
1219.02475348	557.406536483
1219.16845878	289.395186282
1219.31216408	203.960981381
1219.45586938	88.2782731838
1219.59957469	345.857223097
1219.74327999	95.9760574474
1219.88698529	334.66896183
1220.03069059	165.24603869
1220.17439589	333.29005365
1220.31810119	204.560055745
1220.4618065	285.320277674
1220.6055118	65.20934082
1220.7492171	62.4738577098
1220.8929224	179.224786681
1221.0366277	38.2602380387
1221.180333	178.716474539
1221.32403831	0.0
1221.46774361	95.8096916143
1221.61144891	87.5395264702
1221.75515421	2.01684579275
1221.89885951	7.79528464494
1222.04256481	95.1519700556
1222.18627012	7.46807728193
1222.32997542	102.467665188
1222.47368072	0.0
1222.61738602	0.0
1222.76109132	83.6033127754
1222.90479662	31.2306739189
1223.04850193	0.0
1223.19220723	0.0
1223.33591253	56.1738479781
1223.47961783	0.0
1223.62332313	0.0
1223.76702844	0.0
1223.91073374	0.0
1224.05443904	0.0
1224.19814434	0.0
1224.34184964	0.0
1224.48555494	0.0
1224.62926025	0.0
1224.77296555	0.0
1224.91667085	0.0372915351763
