1210.68952505	0.0
1210.82288555	0.0
1210.95624604	0.0
1211.08960654	0.0
1211.22296703	0.0
1211.35632753	0.0
1211.48968802	0.0
1211.62304852	0.0
1211.75640901	0.0
1211.88976951	0.0
1212.02313	0.0
1212.1564905	0.0
1212.28985099	0.0
1212.42321149	0.0
1212.55657198	0.0
1212.68993248	0.0
1212.82329297	0.0
1212.95665346	0.0
1213.09001396	0.0
1213.22337445	0.0
1213.35673495	0.0
1213.49009544	0.0
1213.62345594	0.0
1213.75681643	0.0
1213.89017693	0.0
1214.02353742	0.0
1214.15689792	114.90369293
1214.29025841	180.780145594
1214.42361891	8.22535955447
1214.5569794	0.0
1214.6903399	0.0
1214.82370039	78.1416072339
1214.95706089	0.0
1215.09042138	0.0
1215.22378188	89.0668064341
1215.35714237	68.4996256451
1215.49050287	74.4536265377
1215.62386336	43.6035879051
1215.75722385	360.626847402
1215.89058435	188.888948471
1216.02394484	444.327681171
1216.15730534	374.158849542
1216.29066583	653.124576515
1216.42402633	799.015371828
1216.55738682	759.476038199
1216.69074732	1657.62562093
1216.82410781	452.806677198
1216.95746831	1348.33796617
1217.0908288	995.605377223
1217.2241893	1106.55900298
1217.35754979	1507.19756267
1217.49091029	1669.61849412
1217.62427078	2080.102515
1217.75763128	1600.98315916
1217.89099177	1036.88602639
1218.02435227	1952.47091575
1218.15771276	1534.13805932
1218.29107326	2475.3697343
1218.42443375	1230.5883302
1218.55779424	1908.82784884
1218.69115474	1727.03311142
1218.82451523	1271.31555784
1218.95787573	1487.12580071
1219.09123622	1408.03632118
1219.22459672	715.469519627
1219.35795721	633.99361156
1219.49131771	1042.51779602
1219.6246782	818.147768482
1219.7580387	431.427047648
1219.89139919	695.910444086
1220.02475969	653.622420675
1220.15812018	351.480125111
1220.29148068	429.238119782
1220.42484117	313.640011241
1220.55820167	187.458215716
1220.69156216	511.57429461
1220.82492266	354.085815716
1220.95828315	252.949775084
1221.09164365	108.583791011
1221.22500414	83.1980479585
1221.35836463	0.0
1221.49172513	78.9522150775
1221.62508562	10.8426089755
1221.75844612	47.7743073517
1221.89180661	83.9680995063
1222.02516711	22.0929826411
1222.1585276	0.0
1222.2918881	37.3263682196
1222.42524859	20.30221644
1222.55860909	0.403734239895
1222.69196958	0.0
1222.82533008	0.0
1222.95869057	0.0
1223.09205107	0.0
1223.22541156	0.0
1223.35877206	0.0
1223.49213255	63.4192603534
1223.62549305	0.0
1223.75885354	0.0
1223.89221404	0.0
