1210.68064569	0.0
1210.82982423	0.0
1210.97900276	0.0
1211.12818129	0.0
1211.27735982	0.0
1211.42653836	0.0
1211.57571689	0.0
1211.72489542	0.0
1211.87407395	0.0
1212.02325249	0.0
1212.17243102	0.0
1212.32160955	0.0
1212.47078808	0.0
1212.61996662	0.0
1212.76914515	0.0
1212.91832368	0.0
1213.06750222	0.0
1213.21668075	0.0
1213.36585928	0.0
1213.51503781	0.0
1213.66421635	0.0
1213.81339488	0.0
1213.96257341	0.0
1214.11175194	128.663686361
1214.26093048	0.0
1214.41010901	0.0
1214.55928754	141.64959466
1214.70846608	260.610201382
1214.85764461	0.0
1215.00682314	0.0
1215.15600167	0.0
1215.30518021	0.0
1215.45435874	186.729996737
1215.60353727	198.899227974
1215.7527158	150.694152844
1215.90189434	267.381071499
1216.05107287	188.138276937
1216.2002514	312.237097559
1216.34942993	525.661206751
1216.49860847	898.124880773
1216.647787	644.237471396
1216.79696553	1190.49247954
1216.94614407	873.121051195
1217.0953226	673.878904491
1217.24450113	1645.94935403
1217.39367966	1635.40926793
1217.5428582	1838.79474589
1217.69203673	2002.6591334
1217.84121526	1536.89294889
1217.99039379	1613.43111768
1218.13957233	1815.45548339
1218.28875086	1696.42528942
1218.43792939	1052.3309936
1218.58710793	1879.81879175
1218.73628646	1286.75972215
1218.88546499	1891.92224756
1219.03464352	1173.75650731
1219.18382206	1857.18786377
1219.33300059	1812.68166295
1219.48217912	1348.28283965
1219.63135765	1064.37391966
1219.78053619	896.68460707
1219.92971472	1106.63325011
1220.07889325	844.656211008
1220.22807178	833.182959063
1220.37725032	864.278789204
1220.52642885	1250.32623068
1220.67560738	514.085040325
1220.82478592	460.10709923
1220.97396445	333.267644504
1221.12314298	199.202752877
1221.27232151	374.496864722
1221.42150005	678.193010508
1221.57067858	222.380045225
1221.71985711	238.802174677
1221.86903564	177.653719872
1222.01821418	227.600172576
1222.16739271	113.851747054
1222.31657124	33.3707998468
1222.46574977	199.969003382
1222.61492831	15.4035839039
1222.76410684	2.85499601194
1222.91328537	98.1965460247
1223.06246391	100.519122721
1223.21164244	0.0
1223.36082097	94.7479838839
1223.5099995	0.0
1223.65917804	1.53894559457
1223.80835657	110.652087804
1223.9575351	0.0
1224.10671363	0.0
1224.25589217	0.0
1224.4050707	0.0
1224.55424923	0.0
1224.70342777	0.0
1224.8526063	0.0
1225.00178483	0.0
1225.15096336	0.0
1225.3001419	0.0
1225.44932043	0.0
