1210.68883274	0.0
1210.80477548	0.0
1210.92071822	0.0
1211.03666096	0.0
1211.1526037	0.0
1211.26854644	0.0
1211.38448917	0.0
1211.50043191	0.0
1211.61637465	0.0
1211.73231739	0.0
1211.84826013	0.0
1211.96420287	0.0
1212.08014561	0.0
1212.19608835	0.0
1212.31203109	0.0
1212.42797382	0.0
1212.54391656	0.0
1212.6598593	0.0
1212.77580204	0.0
1212.89174478	0.0
1213.00768752	0.0
1213.12363026	0.0
1213.239573	0.0
1213.35551574	0.0
1213.47145847	0.0
1213.58740121	0.0
1213.70334395	0.0
1213.81928669	0.0
1213.93522943	0.0
1214.05117217	0.0
1214.16711491	0.436214175743
1214.28305765	395.301340959
1214.39900039	1318.41531871
1214.51494312	944.830263307
1214.63088586	1338.75811705
1214.7468286	646.681530888
1214.86277134	330.015776063
1214.97871408	209.160502381
1215.09465682	595.242189101
1215.21059956	568.328046847
1215.3265423	796.03339127
1215.44248504	884.214017729
1215.55842778	659.662605188
1215.67437051	970.694482433
1215.79031325	1952.79418118
1215.90625599	2173.71903965
1216.02219873	2885.97394401
1216.13814147	3107.00390667
1216.25408421	2404.83844004
1216.37002695	2296.70714379
1216.48596969	3202.59916459
1216.60191243	2555.2698325
1216.71785516	1681.03183444
1216.8337979	1358.2265361
1216.94974064	1037.07513366
1217.06568338	1105.27485226
1217.18162612	719.243499826
1217.29756886	424.963671071
1217.4135116	191.777827316
1217.52945434	305.346263855
1217.64539708	265.650710685
1217.76133981	172.008190584
1217.87728255	258.893681603
1217.99322529	207.595185428
1218.10916803	96.4177245206
1218.22511077	113.483909682
1218.34105351	0.0
1218.45699625	7.03493010675
1218.57293899	47.3851016671
1218.68888173	0.168861961727
1218.80482446	0.0
1218.9207672	86.8956886502
1219.03670994	0.0
1219.15265268	0.0
1219.26859542	0.0
1219.38453816	0.0
1219.5004809	0.0
1219.61642364	0.0
1219.73236638	0.0
1219.84830911	0.0
1219.96425185	0.0
1220.08019459	0.0
1220.19613733	0.0
1220.31208007	0.0
1220.42802281	0.0
1220.54396555	0.0
1220.65990829	0.0
1220.77585103	0.0
1220.89179376	0.0
1221.0077365	0.0
1221.12367924	0.0
1221.23962198	0.0
1221.35556472	0.0
1221.47150746	0.0
1221.5874502	0.0
1221.70339294	0.0
1221.81933568	0.0
1221.93527841	0.0
1222.05122115	0.0
1222.16716389	0.0
