1210.68902435	0.0
1210.83863157	0.0
1210.98823878	0.0
1211.137846	0.0
1211.28745322	0.0
1211.43706044	0.0
1211.58666765	0.0
1211.73627487	0.0
1211.88588209	0.0
1212.03548931	0.0
1212.18509652	0.0
1212.33470374	0.0
1212.48431096	0.0
1212.63391818	0.0
1212.78352539	0.0
1212.93313261	0.0
1213.08273983	0.0
1213.23234704	0.0
1213.38195426	93.0729165143
1213.53156148	9.57260752384
1213.6811687	0.0
1213.83077591	0.0
1213.98038313	32.2373056707
1214.12999035	195.455419889
1214.27959757	31.4802981231
1214.42920478	0.0
1214.578812	0.0
1214.72841922	0.0
1214.87802644	0.0
1215.02763365	64.894731016
1215.17724087	0.00608401523192
1215.32684809	34.5060034868
1215.47645531	20.9646592303
1215.62606252	94.9333152246
1215.77566974	314.452715216
1215.92527696	215.102579041
1216.07488418	135.640366413
1216.22449139	188.413160324
1216.37409861	444.748584786
1216.52370583	723.050645091
1216.67331304	1018.54975268
1216.82292026	981.941299292
1216.97252748	1172.13096926
1217.1221347	761.707239958
1217.27174191	1278.44964271
1217.42134913	1412.63291948
1217.57095635	1589.79634688
1217.72056357	1718.2984641
1217.87017078	1404.62523146
1218.019778	1312.3225421
1218.16938522	1731.86671669
1218.31899244	2293.42662436
1218.46859965	1032.38687875
1218.61820687	1597.1360151
1218.76781409	1866.07124243
1218.91742131	1827.18971195
1219.06702852	2058.89011159
1219.21663574	1936.57525843
1219.36624296	2142.07711127
1219.51585018	1278.17943239
1219.66545739	1011.63624365
1219.81506461	990.447304141
1219.96467183	1411.71735455
1220.11427904	1305.3204805
1220.26388626	389.237223464
1220.41349348	1267.71700583
1220.5631007	983.514395923
1220.71270791	835.677038083
1220.86231513	760.317735498
1221.01192235	667.536582074
1221.16152957	144.743825079
1221.31113678	568.967370751
1221.460744	350.211191984
1221.61035122	489.931862496
1221.75995844	289.239437208
1221.90956565	140.004400485
1222.05917287	248.637847316
1222.20878009	77.671580514
1222.35838731	22.9177713036
1222.50799452	282.025469746
1222.65760174	0.915828488716
1222.80720896	71.6997805681
1222.95681617	0.0
1223.10642339	79.5609087051
1223.25603061	44.1982490197
1223.40563783	64.9823498875
1223.55524504	25.8882109674
1223.70485226	2.57226307839
1223.85445948	0.0
1224.0040667	0.0
1224.15367391	114.882783384
1224.30328113	0.0
1224.45288835	0.0
1224.60249557	0.0
1224.75210278	0.0
1224.90171	0.0
1225.05131722	0.0
1225.20092444	0.0
1225.35053165	0.0
1225.50013887	0.0
