1210.68855873	0.0
1210.79773578	0.0
1210.90691283	0.0
1211.01608988	0.0
1211.12526692	0.0
1211.23444397	0.0
1211.34362102	0.0
1211.45279807	0.0
1211.56197512	0.0
1211.67115216	0.0
1211.78032921	0.0
1211.88950626	0.0
1211.99868331	0.0
1212.10786035	0.0
1212.2170374	0.0
1212.32621445	0.0
1212.4353915	0.0
1212.54456854	0.0
1212.65374559	0.0
1212.76292264	0.0
1212.87209969	0.0
1212.98127674	0.0
1213.09045378	0.0
1213.19963083	0.0
1213.30880788	0.0
1213.41798493	0.0
1213.52716197	0.0
1213.63633902	0.0
1213.74551607	0.0
1213.85469312	0.0
1213.96387016	0.0
1214.07304721	18.6298997052
1214.18222426	15.3489071069
1214.29140131	616.072294775
1214.40057836	1476.48934225
1214.5097554	1691.07399942
1214.61893245	1842.75502863
1214.7281095	1565.09399973
1214.83728655	1280.11531876
1214.94646359	631.955872768
1215.05564064	737.046610098
1215.16481769	142.824449632
1215.27399474	0.0
1215.38317178	0.0
1215.49234883	27.3752425396
1215.60152588	703.105972025
1215.71070293	255.656753212
1215.81987998	720.691143528
1215.92905702	1648.12841464
1216.03823407	1210.1851172
1216.14741112	1672.99500478
1216.25658817	1943.80500257
1216.36576521	1681.63577628
1216.47494226	2193.06608796
1216.58411931	1896.30230032
1216.69329636	1850.05770801
1216.8024734	2075.76468186
1216.91165045	2817.46030626
1217.0208275	2054.32915622
1217.13000455	1170.75486067
1217.2391816	1369.99541831
1217.34835864	1509.50719732
1217.45753569	1004.16285346
1217.56671274	662.832941074
1217.67588979	709.722900602
1217.78506683	554.942150993
1217.89424388	404.268678339
1218.00342093	654.131168582
1218.11259798	168.277774434
1218.22177502	183.154405516
1218.33095207	200.463749625
1218.44012912	55.5955596734
1218.54930617	9.78485925192
1218.65848322	21.2567366504
1218.76766026	9.51893160784
1218.87683731	0.0
1218.98601436	0.0
1219.09519141	0.0
1219.20436845	15.978012252
1219.3135455	0.0
1219.42272255	0.0
1219.5318996	7.91842413689
1219.64107664	0.0
1219.75025369	0.0
1219.85943074	0.0
1219.96860779	0.0
1220.07778484	0.0
1220.18696188	0.0
1220.29613893	0.0
1220.40531598	0.0
1220.51449303	0.0
1220.62367007	0.0
1220.73284712	0.0
1220.84202417	0.0
1220.95120122	0.0
1221.06037826	0.0
1221.16955531	0.0
1221.27873236	0.0
1221.38790941	0.0
1221.49708646	0.0
