1210.69470165	0.0
1210.89531643	0.0
1211.09593121	0.0
1211.29654599	0.0
1211.49716077	0.0
1211.69777554	0.0
1211.89839032	0.0
1212.0990051	0.0
1212.29961988	0.0
1212.50023466	0.0
1212.70084944	0.0
1212.90146421	0.0
1213.10207899	0.0
1213.30269377	0.0
1213.50330855	0.0
1213.70392333	28.513577448
1213.90453811	0.0
1214.10515288	0.0
1214.30576766	0.0
1214.50638244	0.0
1214.70699722	0.0
1214.907612	0.0
1215.10822677	68.2016641812
1215.30884155	76.9199797158
1215.50945633	67.5029015305
1215.71007111	158.668216993
1215.91068589	137.087030662
1216.11130067	193.360169774
1216.31191544	258.291359086
1216.51253022	230.004818593
1216.713145	592.715996767
1216.91375978	527.302640896
1217.11437456	841.274501501
1217.31498934	526.771147375
1217.51560411	1102.21366592
1217.71621889	941.661988548
1217.91683367	1001.75811928
1218.11744845	595.142695247
1218.31806323	550.366063394
1218.51867801	1735.3853223
1218.71929278	905.530094373
1218.91990756	1732.78304351
1219.12052234	1198.54605058
1219.32113712	1287.90633488
1219.5217519	2020.18886477
1219.72236668	1171.72775391
1219.92298145	1766.72895512
1220.12359623	1427.79556429
1220.32421101	1205.40930201
1220.52482579	1217.3625692
1220.72544057	1867.77173352
1220.92605534	1093.97698849
1221.12667012	1331.99319824
1221.3272849	921.224593725
1221.52789968	869.774001986
1221.72851446	543.233727936
1221.92912924	657.804936125
1222.12974401	847.497377537
1222.33035879	597.249068365
1222.53097357	574.55099961
1222.73158835	455.100184938
1222.93220313	652.475033942
1223.13281791	795.60667045
1223.33343268	199.100103186
1223.53404746	160.689204761
1223.73466224	419.59305686
1223.93527702	419.696633655
1224.1358918	246.335959186
1224.33650658	225.987009254
1224.53712135	13.6929704681
1224.73773613	20.913963243
1224.93835091	124.78272641
1225.13896569	306.502983448
1225.33958047	171.2826869
1225.54019525	47.8441506568
1225.74081002	16.0675443084
1225.9414248	5.87435575554
1226.14203958	0.0
1226.34265436	25.7429126313
1226.54326914	0.0
1226.74388391	0.0
1226.94449869	0.0
1227.14511347	0.0
1227.34572825	0.0
1227.54634303	0.0
1227.74695781	0.0
1227.94757258	0.0
1228.14818736	0.0
1228.34880214	0.0
1228.54941692	0.0
1228.7500317	0.0
1228.95064648	0.0
1229.15126125	0.0
1229.35187603	0.0
1229.55249081	0.0
1229.75310559	0.0
1229.95372037	0.0
1230.15433515	0.0
1230.35494992	0.0
1230.5555647	0.0
