1210.68935355	0.0
1210.84335541	0.0
1210.99735726	0.0
1211.15135912	0.0
1211.30536097	0.0
1211.45936282	0.0
1211.61336468	0.0
1211.76736653	0.0
1211.92136839	0.0
1212.07537024	0.0
1212.2293721	0.0
1212.38337395	0.0
1212.5373758	0.0
1212.69137766	0.0
1212.84537951	0.0
1212.99938137	0.0
1213.15338322	25.1867494487
1213.30738508	0.0
1213.46138693	0.0
1213.61538878	0.0
1213.76939064	0.0
1213.92339249	51.8924239712
1214.07739435	0.0
1214.2313962	22.7805864781
1214.38539805	0.0
1214.53939991	0.0
1214.69340176	0.0
1214.84740362	0.512937889094
1215.00140547	15.0766418212
1215.15540733	0.0128160472164
1215.30940918	0.0
1215.46341103	85.4627037782
1215.61741289	0.0194258496126
1215.77141474	338.799711075
1215.9254166	295.153255825
1216.07941845	238.931083864
1216.23342031	508.932131796
1216.38742216	969.021069904
1216.54142401	1214.17738513
1216.69542587	1373.61096073
1216.84942772	1454.54634587
1217.00342958	1785.68093842
1217.15743143	1793.90757767
1217.31143329	1129.50916841
1217.46543514	1532.31714161
1217.61943699	1208.26212317
1217.77343885	1351.14894283
1217.9274407	1322.67854831
1218.08144256	1415.79163311
1218.23544441	1820.56480395
1218.38944627	1691.25550582
1218.54344812	1763.51588578
1218.69744997	2006.34349188
1218.85145183	1100.71290776
1219.00545368	2065.26153803
1219.15945554	1716.96784993
1219.31345739	987.062421519
1219.46745925	768.360784968
1219.6214611	1885.55522225
1219.77546295	403.834746389
1219.92946481	1344.61261135
1220.08346666	792.312040457
1220.23746852	402.224876036
1220.39147037	719.925576355
1220.54547223	785.264133176
1220.69947408	559.208253345
1220.85347593	224.90834977
1221.00747779	586.366089561
1221.16147964	538.625583748
1221.3154815	178.292435961
1221.46948335	493.99557784
1221.62348521	310.752356946
1221.77748706	53.7128058651
1221.93148891	34.3444595476
1222.08549077	170.58235146
1222.23949262	128.974947119
1222.39349448	25.104654717
1222.54749633	3.22629118246
1222.70149819	142.329269668
1222.85550004	13.3707365627
1223.00950189	12.8576586522
1223.16350375	1.22739939691
1223.3175056	45.1809110824
1223.47150746	59.5707378889
1223.62550931	173.496246133
1223.77951116	26.8136525966
1223.93351302	37.73875146
1224.08751487	0.0
1224.24151673	0.0
1224.39551858	0.193536838655
1224.54952044	0.0
1224.70352229	0.0
1224.85752414	0.0
1225.011526	0.0
1225.16552785	0.0
1225.31952971	0.0
1225.47353156	0.0
1225.62753342	0.0
1225.78153527	0.0
1225.93553712	35.2166918449
