1210.66652186	0.0
1210.91720603	0.0
1211.1678902	0.0
1211.41857437	0.0
1211.66925854	0.0
1211.91994271	0.0
1212.17062688	0.0
1212.42131106	0.0
1212.67199523	0.0300015390085
1212.9226794	0.0
1213.17336357	11.5467457485
1213.42404774	0.0
1213.67473191	0.0
1213.92541609	0.0
1214.17610026	73.3417487987
1214.42678443	172.419412502
1214.6774686	65.3175486977
1214.92815277	35.3825864118
1215.17883694	191.475543207
1215.42952111	398.281675013
1215.68020529	564.715824276
1215.93088946	142.587939441
1216.18157363	346.199063289
1216.4322578	470.403555709
1216.68294197	675.92151319
1216.93362614	381.405470079
1217.18431032	731.396941579
1217.43499449	823.911897545
1217.68567866	946.420210423
1217.93636283	1288.73278362
1218.187047	2973.73648059
1218.43773117	2323.4012451
1218.68841535	1579.37457914
1218.93909952	1024.25403972
1219.18978369	2472.82172651
1219.44046786	1091.38834752
1219.69115203	934.653280035
1219.9418362	1311.28724976
1220.19252037	1430.90950266
1220.44320455	1228.16289173
1220.69388872	1234.01688272
1220.94457289	1429.51565274
1221.19525706	1423.61892853
1221.44594123	1034.34500179
1221.6966254	1541.59852592
1221.94730958	963.722984011
1222.19799375	899.003994138
1222.44867792	1159.73263843
1222.69936209	524.65849972
1222.95004626	1094.74491128
1223.20073043	337.155389511
1223.4514146	594.974544003
1223.70209878	471.26338984
1223.95278295	326.823327427
1224.20346712	503.616878432
1224.45415129	499.785629266
1224.70483546	319.257046336
1224.95551963	453.225086711
1225.20620381	325.976936931
1225.45688798	434.635414104
1225.70757215	196.716393223
1225.95825632	349.258369943
1226.20894049	282.354564124
1226.45962466	86.2455337254
1226.71030884	96.5025117726
1226.96099301	81.9978858547
1227.21167718	201.414422891
1227.46236135	149.34133759
1227.71304552	26.9669010145
1227.96372969	39.768411689
1228.21441386	20.2306521044
1228.46509804	0.0
1228.71578221	0.0
1228.96646638	44.1412762848
1229.21715055	0.0
1229.46783472	0.0247564814417
1229.71851889	0.0
1229.96920307	0.0
1230.21988724	0.0
1230.47057141	16.1088973101
1230.72125558	0.0
1230.97193975	0.0
1231.22262392	0.0
1231.47330809	0.0
1231.72399227	5.02799898371
1231.97467644	0.0
1232.22536061	0.0
1232.47604478	0.0
1232.72672895	0.0
1232.97741312	0.0
1233.2280973	0.0
1233.47878147	0.0
1233.72946564	0.0
1233.98014981	0.0
1234.23083398	0.0
1234.48151815	0.0
1234.73220233	0.0
1234.9828865	0.0
1235.23357067	0.0
1235.48425484	0.0
