1210.6886364	0.0
1210.80376727	0.0
1210.91889814	0.0
1211.03402901	0.0
1211.14915988	0.0
1211.26429074	0.0
1211.37942161	0.0
1211.49455248	0.0
1211.60968335	0.0
1211.72481422	0.0
1211.83994509	0.0
1211.95507596	0.0
1212.07020682	0.0
1212.18533769	0.0
1212.30046856	0.0
1212.41559943	0.0
1212.5307303	0.0
1212.64586117	0.0
1212.76099203	0.0
1212.8761229	0.0
1212.99125377	0.0
1213.10638464	0.0
1213.22151551	0.0
1213.33664638	0.0
1213.45177725	0.0
1213.56690811	0.0
1213.68203898	0.0
1213.79716985	0.0
1213.91230072	0.139714381499
1214.02743159	0.00476383341234
1214.14256246	215.701880696
1214.25769332	261.489126524
1214.37282419	1018.24471086
1214.48795506	1078.17344262
1214.60308593	962.340842343
1214.7182168	1095.6519537
1214.83334767	774.473702761
1214.94847853	683.809389141
1215.0636094	206.270439855
1215.17874027	0.0
1215.29387114	0.0
1215.40900201	215.175519517
1215.52413288	14.0530318611
1215.63926375	707.328024176
1215.75439461	1100.97913448
1215.86952548	1048.20107783
1215.98465635	1326.44394639
1216.09978722	1354.84744718
1216.21491809	2276.15248459
1216.33004896	2252.13634966
1216.44517982	2385.05746173
1216.56031069	2216.96053651
1216.67544156	1966.07539615
1216.79057243	2468.33451739
1216.9057033	2649.43652378
1217.02083417	2772.54449421
1217.13596504	2555.9951317
1217.2510959	2399.43585602
1217.36622677	1907.36690591
1217.48135764	1860.46692726
1217.59648851	1626.43870628
1217.71161938	1392.01349009
1217.82675025	826.814927895
1217.94188111	1459.67494161
1218.05701198	923.952750733
1218.17214285	545.361117723
1218.28727372	580.273275053
1218.40240459	520.093821608
1218.51753546	398.06425354
1218.63266633	168.665800067
1218.74779719	141.553472552
1218.86292806	165.480671777
1218.97805893	96.5606404035
1219.0931898	152.93775907
1219.20832067	2.3030586229
1219.32345154	0.0
1219.4385824	3.50092937108
1219.55371327	0.0
1219.66884414	0.0
1219.78397501	51.8395498032
1219.89910588	0.0
1220.01423675	0.0
1220.12936762	0.0
1220.24449848	0.0
1220.35962935	0.0
1220.47476022	0.0
1220.58989109	0.0
1220.70502196	0.0
1220.82015283	0.0
1220.93528369	0.0
1221.05041456	0.0
1221.16554543	0.0
1221.2806763	0.0
1221.39580717	0.0
1221.51093804	0.0
1221.62606891	0.0
1221.74119977	0.0
1221.85633064	0.0
1221.97146151	0.0
1222.08659238	0.0
