1210.69109577	0.0
1210.90580224	0.0
1211.1205087	0.0
1211.33521517	0.0
1211.54992163	0.0
1211.7646281	0.0
1211.97933456	0.0
1212.19404103	0.0
1212.40874749	161.917942106
1212.62345396	0.0
1212.83816042	10.9092494729
1213.05286689	85.938731506
1213.26757335	0.0
1213.48227982	0.0
1213.69698628	0.0
1213.91169275	0.0
1214.12639921	0.0
1214.34110568	0.0
1214.55581215	121.835865718
1214.77051861	114.766481201
1214.98522508	164.024834126
1215.19993154	0.0
1215.41463801	264.515267253
1215.62934447	489.608325773
1215.84405094	162.303725342
1216.0587574	431.849344054
1216.27346387	660.206294319
1216.48817033	307.125752887
1216.7028768	434.183837
1216.91758326	593.534429375
1217.13228973	769.244416962
1217.34699619	543.592213855
1217.56170266	882.647527613
1217.77640912	923.542653005
1217.99111559	1887.22606354
1218.20582205	2840.51463767
1218.42052852	2214.32911656
1218.63523499	2651.02730046
1218.84994145	1139.01463477
1219.06464792	1469.86090712
1219.27935438	1355.77410785
1219.49406085	1160.44187429
1219.70876731	1036.70674841
1219.92347378	1318.61903743
1220.13818024	815.477538442
1220.35288671	961.831910234
1220.56759317	1030.6726225
1220.78229964	684.92773466
1220.9970061	499.628160359
1221.21171257	996.283048961
1221.42641903	1126.7941722
1221.6411255	575.052442334
1221.85583196	1103.08710813
1222.07053843	697.365213879
1222.28524489	914.895673808
1222.49995136	983.061130321
1222.71465783	496.645363723
1222.92936429	475.948114765
1223.14407076	287.121842646
1223.35877722	179.216357876
1223.57348369	198.800051455
1223.78819015	102.842116885
1224.00289662	259.852058684
1224.21760308	461.2291902
1224.43230955	538.173425262
1224.64701601	77.8838131332
1224.86172248	322.577772392
1225.07642894	354.38184359
1225.29113541	103.785799935
1225.50584187	6.4476808621
1225.72054834	49.0332350899
1225.9352548	172.432914545
1226.14996127	116.837635953
1226.36466773	42.5598991597
1226.5793742	161.048382973
1226.79408067	0.0
1227.00878713	51.8432961818
1227.2234936	0.0
1227.43820006	84.635508289
1227.65290653	0.0
1227.86761299	0.0
1228.08231946	0.0
1228.29702592	50.5587091174
1228.51173239	6.81482067734
1228.72643885	0.0
1228.94114532	3.19324835735
1229.15585178	0.0
1229.37055825	0.0
1229.58526471	0.0
1229.79997118	0.0
1230.01467764	0.0
1230.22938411	0.0
1230.44409057	0.0
1230.65879704	0.0
1230.87350351	0.0
1231.08820997	0.0
1231.30291644	0.0
1231.5176229	0.0
1231.73232937	0.0
1231.94703583	0.0
