1210.61712275	0.0
1210.75016558	0.0
1210.88320841	0.0
1211.01625125	0.0
1211.14929408	0.0
1211.28233691	0.0
1211.41537974	0.0
1211.54842257	0.0
1211.6814654	0.0
1211.81450823	0.0
1211.94755106	0.0
1212.08059389	0.0
1212.21363673	0.0
1212.34667956	0.0
1212.47972239	0.0
1212.61276522	0.0
1212.74580805	0.0
1212.87885088	0.0
1213.01189371	0.0
1213.14493654	0.0
1213.27797937	0.0
1213.41102221	0.0
1213.54406504	0.0
1213.67710787	7.44937238057
1213.8101507	43.4830471938
1213.94319353	0.132264222406
1214.07623636	0.0
1214.20927919	307.133189887
1214.34232202	13.6293831943
1214.47536485	17.9685465267
1214.60840769	0.00786284844168
1214.74145052	3.39450107099
1214.87449335	0.0
1215.00753618	0.0
1215.14057901	54.6610751734
1215.27362184	0.0
1215.40666467	22.3456155563
1215.5397075	62.4968112342
1215.67275033	473.384554524
1215.80579317	477.15096596
1215.938836	513.635698346
1216.07187883	517.104976029
1216.20492166	1241.66480774
1216.33796449	1337.07353186
1216.47100732	1671.41790633
1216.60405015	1863.30290966
1216.73709298	1540.78618539
1216.87013581	1505.4411761
1217.00317865	1490.15303421
1217.13622148	1575.40541692
1217.26926431	1251.53951373
1217.40230714	1963.78446837
1217.53534997	1770.58100451
1217.6683928	1911.71079828
1217.80143563	1534.94225409
1217.93447846	1406.89433343
1218.06752129	1652.71450554
1218.20056412	1789.10244466
1218.33360696	1047.89896802
1218.46664979	1196.43622976
1218.59969262	1071.62867218
1218.73273545	1114.04585546
1218.86577828	816.472841094
1218.99882111	855.495559919
1219.13186394	856.787129267
1219.26490677	312.303626619
1219.3979496	422.540237269
1219.53099244	663.54985323
1219.66403527	758.566745232
1219.7970781	145.378030931
1219.93012093	343.854022856
1220.06316376	262.933157683
1220.19620659	317.05151608
1220.32924942	252.267189832
1220.46229225	68.164920313
1220.59533508	78.2122808273
1220.72837792	47.5651641394
1220.86142075	0.0
1220.99446358	73.1195280165
1221.12750641	18.3868399599
1221.26054924	60.5937498766
1221.39359207	66.6689479627
1221.5266349	0.00205058111169
1221.65967773	0.0
1221.79272056	9.17766729451
1221.9257634	0.0
1222.05880623	0.0
1222.19184906	0.0
1222.32489189	0.0
1222.45793472	0.0
1222.59097755	0.0
1222.72402038	83.2988580084
1222.85706321	0.0
1222.99010604	0.0
1223.12314888	0.0
1223.25619171	0.0
1223.38923454	0.0
1223.52227737	0.0
1223.6553202	0.0
1223.78836303	0.0
