1210.68999816	0.0
1210.80416374	0.0
1210.91832931	0.0
1211.03249489	0.0
1211.14666046	0.0
1211.26082604	0.0
1211.37499161	0.0
1211.48915719	0.0
1211.60332276	0.0
1211.71748834	0.0
1211.83165391	0.0
1211.94581949	0.0
1212.05998506	0.0
1212.17415064	0.0
1212.28831621	0.0
1212.40248179	0.0
1212.51664736	0.0
1212.63081294	0.0
1212.74497851	0.0
1212.85914408	0.0
1212.97330966	0.0
1213.08747523	0.0
1213.20164081	0.0
1213.31580638	0.0
1213.42997196	0.0
1213.54413753	0.0
1213.65830311	0.0
1213.77246868	0.0
1213.88663426	0.0
1214.00079983	0.0
1214.11496541	37.8804746865
1214.22913098	9.39481545208
1214.34329656	445.593276281
1214.45746213	509.307847939
1214.57162771	434.772298008
1214.68579328	466.600012892
1214.79995886	635.402504967
1214.91412443	348.597936922
1215.02829001	142.570515359
1215.14245558	268.175348921
1215.25662116	472.159770748
1215.37078673	448.498185661
1215.48495231	1056.46040327
1215.59911788	629.78219914
1215.71328346	1592.42418675
1215.82744903	1216.94615643
1215.94161461	2145.09917412
1216.05578018	2144.62341975
1216.16994576	3030.73164204
1216.28411133	2401.16098653
1216.39827691	2322.21633582
1216.51244248	2939.42476664
1216.62660806	2389.29001111
1216.74077363	2494.48208125
1216.85493921	2398.19860755
1216.96910478	1394.29909586
1217.08327036	1349.28552943
1217.19743593	1224.92202387
1217.31160151	1468.37191079
1217.42576708	904.342274506
1217.53993266	1613.40054099
1217.65409823	891.471121454
1217.76826381	359.868475677
1217.88242938	287.273645411
1217.99659496	623.404629337
1218.11076053	400.053094471
1218.22492611	471.074259049
1218.33909168	122.543435232
1218.45325726	59.0193808683
1218.56742283	57.4560865389
1218.68158841	15.2415132437
1218.79575398	129.422898431
1218.90991956	0.0468111615191
1219.02408513	94.2915048176
1219.13825071	6.72414500869
1219.25241628	1.51912433226
1219.36658186	0.0
1219.48074743	0.0
1219.59491301	0.0
1219.70907858	0.0
1219.82324416	0.0
1219.93740973	0.0
1220.05157531	0.0
1220.16574088	0.0
1220.27990646	0.0
1220.39407203	0.0
1220.50823761	0.0
1220.62240318	0.0
1220.73656876	0.0
1220.85073433	0.0
1220.96489991	0.0
1221.07906548	0.0
1221.19323106	0.0
1221.30739663	0.0
1221.42156221	0.0
1221.53572778	0.0
1221.64989336	0.0
1221.76405893	0.0
1221.87822451	0.0
1221.99239008	0.0
