1210.68893446	0.0
1210.85303368	0.0
1211.01713289	0.0
1211.18123211	0.0
1211.34533132	0.0
1211.50943054	0.0
1211.67352976	0.0
1211.83762897	0.0
1212.00172819	0.0
1212.16582741	0.0
1212.32992662	0.0
1212.49402584	0.0
1212.65812505	0.0
1212.82222427	0.0
1212.98632349	0.0
1213.1504227	0.0
1213.31452192	0.0
1213.47862114	0.0
1213.64272035	12.0676112332
1213.80681957	0.0
1213.97091878	21.1157808614
1214.135018	0.0
1214.29911722	0.0
1214.46321643	63.5651605299
1214.62731565	175.830098304
1214.79141487	1046.15316723
1214.95551408	807.938897155
1215.1196133	915.562175057
1215.28371251	1022.18944204
1215.44781173	846.152641528
1215.61191095	545.882154011
1215.77601016	756.809834324
1215.94010938	636.796369638
1216.1042086	526.862965652
1216.26830781	606.173220101
1216.43240703	598.390205474
1216.59650624	720.927199725
1216.76060546	564.159957008
1216.92470468	1224.74335059
1217.08880389	2335.39270282
1217.25290311	2958.23744173
1217.41700233	3869.88788443
1217.58110154	3701.73069285
1217.74520076	3489.30350355
1217.90929997	1289.67770129
1218.07339919	1432.93908298
1218.23749841	788.444507672
1218.40159762	841.175129086
1218.56569684	530.372407557
1218.72979606	909.172000032
1218.89389527	684.967881673
1219.05799449	636.28974322
1219.2220937	284.581462933
1219.38619292	74.7043985615
1219.55029214	265.248682134
1219.71439135	635.281637975
1219.87849057	193.412915516
1220.04258979	130.339245658
1220.206689	218.59918862
1220.37078822	543.619805351
1220.53488743	174.566182622
1220.69898665	177.350098554
1220.86308587	185.844914615
1221.02718508	27.2438383682
1221.1912843	0.195401427431
1221.35538352	11.0871509281
1221.51948273	9.34083737741
1221.68358195	0.0
1221.84768117	0.0
1222.01178038	0.0
1222.1758796	6.53268905552
1222.33997881	0.0
1222.50407803	0.0
1222.66817725	0.0
1222.83227646	0.0
1222.99637568	0.0
1223.1604749	81.1859729407
1223.32457411	0.0
1223.48867333	0.0
1223.65277254	0.0
1223.81687176	0.0
1223.98097098	0.0
1224.14507019	0.0
1224.30916941	0.0
1224.47326863	0.0
1224.63736784	0.0
1224.80146706	0.0
1224.96556627	0.0
1225.12966549	0.0
1225.29376471	0.0
1225.45786392	0.0
1225.62196314	0.0
1225.78606236	0.0
1225.95016157	0.0
1226.11426079	0.0
1226.27836	0.0
1226.44245922	0.0
1226.60655844	0.0
1226.77065765	0.0
1226.93475687	0.0
