1210.68995124	0.0
1210.84088422	0.0
1210.9918172	0.0
1211.14275017	0.0
1211.29368315	0.0
1211.44461613	0.0
1211.5955491	0.0
1211.74648208	0.0
1211.89741506	0.0
1212.04834803	0.0
1212.19928101	0.0
1212.35021399	0.0
1212.50114696	0.0
1212.65207994	0.0
1212.80301292	0.0
1212.95394589	0.0
1213.10487887	0.0
1213.25581185	0.0
1213.40674482	76.1304310941
1213.5576778	0.0
1213.70861078	0.0
1213.85954375	0.0
1214.01047673	0.0
1214.16140971	71.0759552667
1214.31234268	82.6326808523
1214.46327566	0.0
1214.61420864	112.991787865
1214.76514161	269.460935959
1214.91607459	531.076696688
1215.06700756	364.84070716
1215.21794054	683.954726538
1215.36887352	1163.85077768
1215.51980649	733.98493954
1215.67073947	854.02436076
1215.82167245	460.416094451
1215.97260542	427.994807553
1216.1235384	728.108172062
1216.27447138	323.217117347
1216.42540435	727.996918144
1216.57633733	644.488382315
1216.72727031	840.509292882
1216.87820328	1175.54968946
1217.02913626	1579.98402021
1217.18006924	2359.59565478
1217.33100221	3128.97972029
1217.48193519	3080.52303967
1217.63286817	2815.94180106
1217.78380114	2194.9303382
1217.93473412	1985.11501352
1218.0856671	1392.20255042
1218.23660007	1129.55832936
1218.38753305	848.806239769
1218.53846603	1224.20173654
1218.689399	813.02693149
1218.84033198	573.707183548
1218.99126496	392.070468086
1219.14219793	728.993370678
1219.29313091	770.219607479
1219.44406389	568.780970699
1219.59499686	674.913814465
1219.74592984	571.4783818
1219.89686281	542.290419473
1220.04779579	333.888453222
1220.19872877	440.237420445
1220.34966174	186.726915795
1220.50059472	311.275343192
1220.6515277	200.604575183
1220.80246067	131.781347072
1220.95339365	208.805592786
1221.10432663	158.12237305
1221.2552596	74.8214221954
1221.40619258	150.636792514
1221.55712556	75.1624418613
1221.70805853	70.2482180775
1221.85899151	0.0
1222.00992449	156.270756898
1222.16085746	110.990720839
1222.31179044	63.4473820614
1222.46272342	81.7568411655
1222.61365639	0.0
1222.76458937	80.8620348651
1222.91552235	0.0
1223.06645532	0.0
1223.2173883	46.9334237918
1223.36832128	0.0
1223.51925425	8.92482355564
1223.67018723	0.0
1223.82112021	0.0
1223.97205318	0.0
1224.12298616	0.0
1224.27391914	0.0
1224.42485211	0.0
1224.57578509	0.0
1224.72671807	0.0
1224.87765104	0.0
1225.02858402	0.0
1225.17951699	0.0
1225.33044997	0.0
1225.48138295	0.0
1225.63231592	0.0
