1210.68901252	0.0
1210.80187115	0.0
1210.91472978	0.0
1211.02758841	0.0
1211.14044704	0.0
1211.25330567	0.0
1211.3661643	0.0
1211.47902293	0.0
1211.59188156	0.0
1211.70474019	0.0
1211.81759881	0.0
1211.93045744	0.0
1212.04331607	0.0
1212.1561747	0.0
1212.26903333	0.0
1212.38189196	0.0
1212.49475059	0.0
1212.60760922	0.0
1212.72046785	0.0
1212.83332648	0.0
1212.94618511	0.0
1213.05904374	0.0
1213.17190237	0.0
1213.28476099	0.0
1213.39761962	0.0
1213.51047825	0.0
1213.62333688	0.0
1213.73619551	0.0
1213.84905414	0.0
1213.96191277	97.0015133279
1214.0747714	111.915825083
1214.18763003	26.4167722545
1214.30048866	450.10902452
1214.41334729	637.068449357
1214.52620592	1286.88648424
1214.63906455	1228.42212723
1214.75192318	754.790184946
1214.8647818	480.265902168
1214.97764043	243.527171979
1215.09049906	156.833373048
1215.20335769	35.1246175641
1215.31621632	0.0
1215.42907495	177.752180518
1215.54193358	238.105094825
1215.65479221	130.757357759
1215.76765084	367.439889717
1215.88050947	932.616156695
1215.9933681	727.414146
1216.10622673	1232.55920267
1216.21908536	1440.55350921
1216.33194399	1300.89938655
1216.44480261	2393.05773618
1216.55766124	2009.84472643
1216.67051987	2213.75902307
1216.7833785	2308.86578544
1216.89623713	2715.04515632
1217.00909576	2432.8027155
1217.12195439	1895.79217793
1217.23481302	1966.47430096
1217.34767165	2327.74881616
1217.46053028	1970.80795455
1217.57338891	1582.48134562
1217.68624754	1963.91795396
1217.79910617	1224.71264126
1217.9119648	1294.87312645
1218.02482342	1110.45707967
1218.13768205	912.083998093
1218.25054068	599.468887344
1218.36339931	457.252726244
1218.47625794	416.995439403
1218.58911657	273.433092598
1218.7019752	102.93232077
1218.81483383	74.0684440735
1218.92769246	267.972640395
1219.04055109	52.2586967553
1219.15340972	266.800856433
1219.26626835	96.1531993129
1219.37912698	96.5312736082
1219.49198561	0.0515246066789
1219.60484423	0.0
1219.71770286	0.0
1219.83056149	0.0
1219.94342012	0.0
1220.05627875	0.0
1220.16913738	0.0
1220.28199601	0.0
1220.39485464	0.0
1220.50771327	0.0
1220.6205719	0.0
1220.73343053	0.0
1220.84628916	0.0
1220.95914779	0.0
1221.07200641	0.0
1221.18486504	0.0
1221.29772367	0.0
1221.4105823	0.0
1221.52344093	0.0
1221.63629956	0.0
1221.74915819	0.0
1221.86201682	0.0
