1210.69160554	0.0
1210.87393843	0.0
1211.05627132	0.0
1211.2386042	0.0
1211.42093709	0.0
1211.60326998	0.0
1211.78560286	0.0
1211.96793575	0.0
1212.15026864	0.0
1212.33260152	0.0
1212.51493441	0.0
1212.6972673	0.0
1212.87960018	0.0
1213.06193307	0.0
1213.24426596	0.0
1213.42659884	0.0
1213.60893173	0.038981703836
1213.79126462	0.0
1213.9735975	0.0
1214.15593039	0.89874339605
1214.33826328	71.5658919282
1214.52059616	174.506973994
1214.70292905	366.600102915
1214.88526194	159.017757329
1215.06759482	866.178043677
1215.24992771	1107.33036276
1215.4322606	1042.46683784
1215.61459348	793.469607694
1215.79692637	952.89526795
1215.97925925	848.207554134
1216.16159214	712.2642714
1216.34392503	694.497316884
1216.52625791	408.153732117
1216.7085908	640.119602204
1216.89092369	348.464203066
1217.07325657	506.932081949
1217.25558946	776.296980056
1217.43792235	880.058052469
1217.62025523	1292.70682302
1217.80258812	2183.50004346
1217.98492101	3166.20166882
1218.16725389	2339.22314656
1218.34958678	2673.02914861
1218.53191967	3021.35257774
1218.71425255	2525.61830971
1218.89658544	1676.6987175
1219.07891833	1168.85489788
1219.26125121	813.189622413
1219.4435841	700.529657968
1219.62591699	757.045103324
1219.80824987	576.538280624
1219.99058276	535.936570886
1220.17291565	380.797109642
1220.35524853	773.301439534
1220.53758142	659.692618131
1220.71991431	603.003321315
1220.90224719	271.450285424
1221.08458008	332.908226587
1221.26691297	524.725998401
1221.44924585	369.108799896
1221.63157874	328.643670871
1221.81391163	329.607722796
1221.99624451	659.839319297
1222.1785774	122.117239761
1222.36091028	269.680244058
1222.54324317	181.721253836
1222.72557606	59.9580222537
1222.90790894	83.5140484051
1223.09024183	10.7797751916
1223.27257472	29.7648126788
1223.4549076	50.2722958151
1223.63724049	0.30227043575
1223.81957338	11.3444552423
1224.00190626	0.0
1224.18423915	0.0
1224.36657204	0.0
1224.54890492	0.0
1224.73123781	0.0
1224.9135707	0.0
1225.09590358	0.0242933337213
1225.27823647	0.0
1225.46056936	0.0
1225.64290224	0.0
1225.82523513	0.0
1226.00756802	0.0
1226.1899009	42.4971592291
1226.37223379	0.0
1226.55456668	0.0
1226.73689956	0.0
1226.91923245	0.0
1227.10156534	0.0
1227.28389822	0.0
1227.46623111	0.0
1227.648564	0.0
1227.83089688	0.0
1228.01322977	0.0
1228.19556266	0.0
1228.37789554	0.0
1228.56022843	0.0
1228.74256131	0.0
