1210.68858949	0.0
1210.80020207	0.0
1210.91181466	0.0
1211.02342724	0.0
1211.13503983	0.0
1211.24665242	0.0
1211.358265	0.0
1211.46987759	0.0
1211.58149017	0.0
1211.69310276	0.0
1211.80471534	0.0
1211.91632793	0.0
1212.02794052	0.0
1212.1395531	0.0
1212.25116569	0.0
1212.36277827	0.0
1212.47439086	0.0
1212.58600345	0.0
1212.69761603	0.0
1212.80922862	0.0
1212.9208412	0.0
1213.03245379	0.0
1213.14406638	0.0
1213.25567896	0.0
1213.36729155	0.0
1213.47890413	0.0
1213.59051672	0.0
1213.70212931	0.0
1213.81374189	0.0
1213.92535448	0.0
1214.03696706	0.99309839936
1214.14857965	158.923217567
1214.26019224	184.154672776
1214.37180482	2563.34097514
1214.48341741	2197.32890887
1214.59502999	2022.83405768
1214.70664258	2255.33690457
1214.81825516	1184.35869024
1214.92986775	996.812378633
1215.04148034	710.986049221
1215.15309292	350.16740709
1215.26470551	149.93945158
1215.37631809	0.0
1215.48793068	124.24377033
1215.59954327	482.418211815
1215.71115585	510.182073496
1215.82276844	1017.0332933
1215.93438102	1012.34831987
1216.04599361	1498.39972354
1216.1576062	2568.79307147
1216.26921878	1808.08609432
1216.38083137	2203.07871188
1216.49244395	2029.62437221
1216.60405654	1768.31054365
1216.71566913	1733.88359513
1216.82728171	1347.76804092
1216.9388943	2218.5870009
1217.05050688	1454.55701622
1217.16211947	1295.32199734
1217.27373206	755.191897866
1217.38534464	798.200852526
1217.49695723	578.054611557
1217.60856981	636.285269783
1217.7201824	149.397299011
1217.83179498	263.958062921
1217.94340757	311.062406098
1218.05502016	215.171555609
1218.16663274	95.3285604065
1218.27824533	59.5947171791
1218.38985791	59.1700992936
1218.5014705	80.7890100176
1218.61308309	0.583334572162
1218.72469567	85.7176379364
1218.83630826	34.9503478672
1218.94792084	0.0
1219.05953343	0.0
1219.17114602	0.0
1219.2827586	0.0
1219.39437119	0.0
1219.50598377	0.0
1219.61759636	0.0
1219.72920895	0.0
1219.84082153	0.0
1219.95243412	0.0
1220.0640467	0.0
1220.17565929	0.0
1220.28727188	0.0
1220.39888446	0.0
1220.51049705	0.0
1220.62210963	0.0
1220.73372222	0.0
1220.8453348	0.0
1220.95694739	0.0
1221.06855998	0.0
1221.18017256	0.0
1221.29178515	0.0
1221.40339773	0.0
1221.51501032	0.0
1221.62662291	0.0
1221.73823549	0.0
