1210.68899163	0.0
1210.8109205	0.0
1210.93284938	0.0
1211.05477826	0.0
1211.17670713	0.0
1211.29863601	0.0
1211.42056489	0.0
1211.54249376	0.0
1211.66442264	0.0
1211.78635152	0.0
1211.90828039	0.0
1212.03020927	0.0
1212.15213815	0.0
1212.27406702	0.0
1212.3959959	0.0
1212.51792478	0.0
1212.63985365	0.0
1212.76178253	0.0
1212.88371141	0.0
1213.00564028	0.0
1213.12756916	0.0
1213.24949804	0.0
1213.37142692	0.0
1213.49335579	0.0
1213.61528467	0.0
1213.73721355	0.0
1213.85914242	0.0
1213.9810713	0.0
1214.10300018	83.9406459005
1214.22492905	0.0
1214.34685793	5.39121223365
1214.46878681	92.8414032051
1214.59071568	80.1618404087
1214.71264456	171.985768274
1214.83457344	257.372970317
1214.95650231	826.192341491
1215.07843119	478.620825482
1215.20036007	371.843721399
1215.32228894	626.193343334
1215.44421782	426.445976928
1215.5661467	537.399112893
1215.68807557	791.564457005
1215.81000445	509.624282908
1215.93193333	1041.18560431
1216.0538622	1708.29561034
1216.17579108	1702.73597015
1216.29771996	2288.24999607
1216.41964883	4710.30700315
1216.54157771	4299.59810245
1216.66350659	4302.18951381
1216.78543546	4405.05066889
1216.90736434	4147.92123994
1217.02929322	2419.96005898
1217.1512221	1997.86218228
1217.27315097	991.927609983
1217.39507985	993.425027046
1217.51700873	776.585757924
1217.6389376	477.36280927
1217.76086648	595.49118706
1217.88279536	553.47399949
1218.00472423	195.423969107
1218.12665311	315.80008326
1218.24858199	133.640084733
1218.37051086	197.022124967
1218.49243974	230.395220853
1218.61436862	0.0227861230669
1218.73629749	407.318472082
1218.85822637	266.292677332
1218.98015525	0.0
1219.10208412	0.105149584917
1219.224013	0.0
1219.34594188	0.0
1219.46787075	0.0
1219.58979963	0.0
1219.71172851	0.0
1219.83365738	0.0
1219.95558626	0.0
1220.07751514	0.0
1220.19944401	0.0
1220.32137289	0.0
1220.44330177	0.0
1220.56523065	0.0
1220.68715952	0.0
1220.8090884	0.0
1220.93101728	0.0
1221.05294615	0.0
1221.17487503	0.0
1221.29680391	0.0
1221.41873278	0.0
1221.54066166	0.0
1221.66259054	0.0
1221.78451941	0.0
1221.90644829	0.0
1222.02837717	0.0
1222.15030604	0.0
1222.27223492	0.0
1222.3941638	0.0
1222.51609267	0.0
1222.63802155	0.0
1222.75995043	0.0
