1210.69624439	0.0
1210.9264097	0.0
1211.156575	0.0
1211.38674031	0.0
1211.61690562	0.0
1211.84707092	0.0
1212.07723623	0.0
1212.30740154	0.0
1212.53756684	0.0
1212.76773215	0.0
1212.99789746	0.0
1213.22806276	59.8580206943
1213.45822807	11.2875743089
1213.68839338	1.83619198394
1213.91855868	0.0
1214.14872399	0.0
1214.3788893	63.7524026971
1214.6090546	0.0
1214.83921991	0.0
1215.06938522	0.0
1215.29955052	0.0
1215.52971583	16.7727674906
1215.75988114	0.0
1215.99004644	49.3474594521
1216.22021175	187.779667316
1216.45037706	95.1985572931
1216.68054236	434.470875347
1216.91070767	404.302102359
1217.14087298	594.004090861
1217.37103828	560.20153301
1217.60120359	1196.23224518
1217.8313689	1076.56925508
1218.0615342	851.726017362
1218.29169951	1384.59678509
1218.52186482	838.088782567
1218.75203012	957.273146607
1218.98219543	1133.29574736
1219.21236074	1120.965581
1219.44252604	1051.86908919
1219.67269135	1103.5265923
1219.90285666	1898.94979928
1220.13302197	1626.67640549
1220.36318727	2391.66338759
1220.59335258	1317.90026034
1220.82351789	1606.83271568
1221.05368319	1637.90202182
1221.2838485	1445.18308851
1221.51401381	1317.19978203
1221.74417911	718.369195983
1221.97434442	1058.25573115
1222.20450973	991.757068738
1222.43467503	1221.30243778
1222.66484034	1269.44776614
1222.89500565	666.116065077
1223.12517095	1154.56162154
1223.35533626	1090.70052046
1223.58550157	650.598542121
1223.81566687	756.97452656
1224.04583218	903.131116386
1224.27599749	191.98238204
1224.50616279	634.425631055
1224.7363281	349.482362075
1224.96649341	307.876179172
1225.19665871	509.787056021
1225.42682402	180.765424764
1225.65698933	273.197498035
1225.88715463	30.4710030085
1226.11731994	349.90748329
1226.34748525	4.94587829362
1226.57765055	294.264070381
1226.80781586	122.352709866
1227.03798117	66.9323571707
1227.26814647	201.990903081
1227.49831178	60.9922722649
1227.72847709	205.612599481
1227.95864239	32.8072195865
1228.1888077	204.793109998
1228.41897301	0.0
1228.64913831	73.6180379758
1228.87930362	0.358466042955
1229.10946893	80.1997038414
1229.33963423	11.5129827123
1229.56979954	0.0
1229.79996485	0.0
1230.03013015	0.0
1230.26029546	0.0
1230.49046077	0.0
1230.72062607	0.0
1230.95079138	58.2027625419
1231.18095669	0.0
1231.41112199	0.0
1231.6412873	0.0
1231.87145261	0.0
1232.10161791	0.0
1232.33178322	33.02160342
1232.56194853	0.0
1232.79211383	0.0
1233.02227914	0.0
1233.25244445	0.0
1233.48260975	0.0
