1210.67173532	0.0
1210.93687748	0.0
1211.20201964	0.0
1211.4671618	0.0
1211.73230397	0.0
1211.99744613	0.0
1212.26258829	85.4711722508
1212.52773046	0.0
1212.79287262	0.0
1213.05801478	0.866019243498
1213.32315694	0.128251495334
1213.58829911	0.0
1213.85344127	88.7742741236
1214.11858343	0.112104650564
1214.3837256	0.0
1214.64886776	18.6532968295
1214.91400992	0.0
1215.17915208	0.827179108398
1215.44429425	67.4191512824
1215.70943641	80.7224274118
1215.97457857	0.0
1216.23972073	0.538960958385
1216.5048629	55.4641332299
1216.77000506	150.454400029
1217.03514722	283.781840495
1217.30028939	447.929339348
1217.56543155	399.977465071
1217.83057371	615.124429806
1218.09571587	1109.52163865
1218.36085804	682.84216814
1218.6260002	1364.33076724
1218.89114236	414.074267383
1219.15628453	1109.73990678
1219.42142669	1322.90649739
1219.68656885	804.317795591
1219.95171101	1091.11666703
1220.21685318	1530.44951747
1220.48199534	2016.93618302
1220.7471375	2143.83759049
1221.01227967	1397.51853388
1221.27742183	1453.60113078
1221.54256399	1262.63440187
1221.80770615	1212.32174839
1222.07284832	1377.48611893
1222.33799048	1059.87722178
1222.60313264	1125.76641789
1222.8682748	998.528459116
1223.13341697	603.057839222
1223.39855913	960.416867042
1223.66370129	718.867621265
1223.92884346	865.401456259
1224.19398562	822.042062099
1224.45912778	856.885173693
1224.72426994	621.338706188
1224.98941211	1136.04572685
1225.25455427	920.710158119
1225.51969643	715.642597087
1225.7848386	550.251183025
1226.04998076	284.202652273
1226.31512292	231.713040387
1226.58026508	274.048858912
1226.84540725	274.349097788
1227.11054941	345.728477966
1227.37569157	365.885650908
1227.64083373	522.814219958
1227.9059759	330.385263375
1228.17111806	205.332272553
1228.43626022	133.478165215
1228.70140239	369.205397419
1228.96654455	360.239846753
1229.23168671	8.36101576057
1229.49682887	101.268548722
1229.76197104	317.788089047
1230.0271132	147.960267547
1230.29225536	14.2844344625
1230.55739753	143.992221694
1230.82253969	3.34652556678
1231.08768185	167.222235866
1231.35282401	86.9840048941
1231.61796618	1.78479662565
1231.88310834	0.0
1232.1482505	82.4647496821
1232.41339267	0.0
1232.67853483	0.0
1232.94367699	0.0
1233.20881915	0.0
1233.47396132	15.2644820213
1233.73910348	0.0
1234.00424564	0.0
1234.2693878	0.0
1234.53452997	0.0
1234.79967213	0.0
1235.06481429	0.0
1235.32995646	0.0
1235.59509862	0.0
1235.86024078	0.0
1236.12538294	0.0
1236.39052511	0.0
1236.65566727	0.0
1236.92080943	0.0
