1210.68845702	0.0
1210.79843671	0.0
1210.9084164	0.0
1211.01839609	0.0
1211.12837579	0.0
1211.23835548	0.0
1211.34833517	0.0
1211.45831486	0.0
1211.56829456	0.0
1211.67827425	0.0
1211.78825394	0.0
1211.89823363	0.0
1212.00821333	0.0
1212.11819302	0.0
1212.22817271	0.0
1212.33815241	0.0
1212.4481321	0.0
1212.55811179	0.0
1212.66809148	0.0
1212.77807118	0.0
1212.88805087	0.0
1212.99803056	0.0
1213.10801025	0.0
1213.21798995	0.0
1213.32796964	0.0
1213.43794933	0.0
1213.54792902	0.0
1213.65790872	0.0
1213.76788841	0.0
1213.8778681	0.0
1213.98784779	0.0
1214.09782749	0.0
1214.20780718	27.2467478289
1214.31778687	651.416274558
1214.42776657	1082.20792237
1214.53774626	584.503041363
1214.64772595	805.189342223
1214.75770564	499.670956296
1214.86768534	58.5787694504
1214.97766503	31.6833399641
1215.08764472	238.368451402
1215.19762441	345.181380878
1215.30760411	496.443527553
1215.4175838	556.069924474
1215.52756349	401.046488588
1215.63754318	707.770194936
1215.74752288	1743.31010799
1215.85750257	1857.37514531
1215.96748226	2430.67939244
1216.07746195	2612.64620461
1216.18744165	2718.55833819
1216.29742134	1759.93789242
1216.40740103	2944.94532266
1216.51738073	2422.01787374
1216.62736042	2400.67510529
1216.73734011	2094.58156294
1216.8473198	1824.33037298
1216.9572995	681.545545618
1217.06727919	884.004715223
1217.17725888	838.416102692
1217.28723857	808.129978936
1217.39721827	653.461370938
1217.50719796	395.843789058
1217.61717765	297.368530985
1217.72715734	257.428404539
1217.83713704	134.926156648
1217.94711673	237.463806766
1218.05709642	279.843809664
1218.16707611	107.034527613
1218.27705581	4.65188317278
1218.3870355	165.719265125
1218.49701519	121.361720268
1218.60699489	0.0
1218.71697458	66.5333572156
1218.82695427	2.23694747312
1218.93693396	95.0464947886
1219.04691366	0.0
1219.15689335	0.0
1219.26687304	0.0
1219.37685273	3.22350392188
1219.48683243	0.0
1219.59681212	86.949124095
1219.70679181	0.0
1219.8167715	0.0
1219.9267512	0.0
1220.03673089	0.0
1220.14671058	0.0
1220.25669027	0.0
1220.36666997	0.0
1220.47664966	0.0
1220.58662935	0.0
1220.69660905	0.0
1220.80658874	0.0
1220.91656843	0.0
1221.02654812	0.0
1221.13652782	0.0
1221.24650751	0.0
1221.3564872	0.0
1221.46646689	0.0
1221.57644659	0.0
