1210.68885916	0.0
1210.86435896	0.0
1211.03985877	0.0
1211.21535858	0.0
1211.39085839	0.0
1211.5663582	0.0
1211.74185801	0.0
1211.91735782	0.0
1212.09285762	0.0
1212.26835743	0.0
1212.44385724	0.0
1212.61935705	0.0
1212.79485686	0.0
1212.97035667	0.0
1213.14585647	0.0
1213.32135628	0.0
1213.49685609	0.0
1213.6723559	0.0
1213.84785571	0.0
1214.02335552	64.6215517873
1214.19885533	177.897758295
1214.37435513	274.16023302
1214.54985494	586.459049593
1214.72535475	1474.92383957
1214.90085456	1396.35397626
1215.07635437	1650.0314783
1215.25185418	2208.14256798
1215.42735399	1711.0543673
1215.60285379	1054.21710674
1215.7783536	1357.48428482
1215.95385341	1294.81629287
1216.12935322	474.150503977
1216.30485303	788.956700716
1216.48035284	677.255726526
1216.65585264	392.483659291
1216.83135245	460.655103919
1217.00685226	475.951902169
1217.18235207	772.466255247
1217.35785188	1012.6372486
1217.53335169	766.02561004
1217.7088515	1816.44752498
1217.8843513	2217.02366897
1218.05985111	2713.5138868
1218.23535092	3153.95087957
1218.41085073	2881.37324059
1218.58635054	1582.78040769
1218.76185035	1627.71537824
1218.93735015	387.893487246
1219.11284996	492.864180033
1219.28834977	610.392164639
1219.46384958	563.189919978
1219.63934939	223.432647755
1219.8148492	124.872350921
1219.99034901	150.208053685
1220.16584881	213.617662774
1220.34134862	247.585210613
1220.51684843	342.984345499
1220.69234824	310.272073241
1220.86784805	108.726149749
1221.04334786	21.084404757
1221.21884766	34.7414636558
1221.39434747	290.255379671
1221.56984728	127.259158287
1221.74534709	187.027885183
1221.9208469	156.857762187
1222.09634671	71.4369573593
1222.27184652	144.164870013
1222.44734632	22.9687473968
1222.62284613	1.0491443454
1222.79834594	0.0
1222.97384575	0.0
1223.14934556	0.0
1223.32484537	44.0589151164
1223.50034517	79.9617862216
1223.67584498	0.0
1223.85134479	0.0272022578138
1224.0268446	0.0
1224.20234441	0.0
1224.37784422	87.359571223
1224.55334403	0.0
1224.72884383	0.0
1224.90434364	0.0
1225.07984345	0.0
1225.25534326	0.0
1225.43084307	0.0
1225.60634288	0.0
1225.78184268	0.0
1225.95734249	0.0
1226.1328423	0.0
1226.30834211	0.0
1226.48384192	0.0
1226.65934173	0.0
1226.83484154	0.0
1227.01034134	0.0
1227.18584115	0.0
1227.36134096	0.0
1227.53684077	0.0
1227.71234058	0.0
1227.88784039	0.0
1228.0633402	0.0
