1210.69036994	0.0
1210.88683812	0.0
1211.08330629	0.0
1211.27977447	0.0
1211.47624265	0.0
1211.67271082	0.0
1211.869179	0.0
1212.06564717	0.0
1212.26211535	0.0
1212.45858352	0.0
1212.6550517	0.0
1212.85151987	0.0
1213.04798805	14.3506963107
1213.24445622	3.106478052
1213.4409244	0.0
1213.63739257	0.0
1213.83386075	0.0
1214.03032892	0.0
1214.2267971	0.0
1214.42326527	0.0
1214.61973345	0.0
1214.81620162	0.0
1215.0126698	0.880817468652
1215.20913798	65.065679694
1215.40560615	31.5052364578
1215.60207433	12.008371053
1215.7985425	220.016312766
1215.99501068	109.163786319
1216.19147885	126.34611332
1216.38794703	372.812052911
1216.5844152	466.648953889
1216.78088338	779.836156512
1216.97735155	713.698000733
1217.17381973	901.925858026
1217.3702879	1984.78870853
1217.56675608	1335.86237874
1217.76322425	1719.17051946
1217.95969243	1241.84288695
1218.1561606	1840.63645787
1218.35262878	1159.67042188
1218.54909695	879.038540279
1218.74556513	682.08293605
1218.94203331	1483.58889152
1219.13850148	1506.02457103
1219.33496966	1536.33253591
1219.53143783	2088.408844
1219.72790601	1211.62657887
1219.92437418	1582.165966
1220.12084236	1017.29291778
1220.31731053	1459.90485438
1220.51377871	1179.57998264
1220.71024688	1496.84566299
1220.90671506	983.725580124
1221.10318323	497.429596277
1221.29965141	653.774418925
1221.49611958	945.4528483
1221.69258776	397.598253841
1221.88905593	1055.13297587
1222.08552411	608.938048056
1222.28199228	677.921575781
1222.47846046	991.048917519
1222.67492864	449.718230388
1222.87139681	1020.2995412
1223.06786499	318.902536442
1223.26433316	224.982126135
1223.46080134	191.569049262
1223.65726951	320.507309301
1223.85373769	184.756077048
1224.05020586	215.85912641
1224.24667404	244.684292917
1224.44314221	163.708560444
1224.63961039	127.204795144
1224.83607856	209.35176198
1225.03254674	108.297580454
1225.22901491	86.9035914664
1225.42548309	0.0
1225.62195126	95.3823527685
1225.81841944	90.7541207842
1226.01488761	0.0
1226.21135579	116.615490007
1226.40782397	6.4823435388
1226.60429214	0.0
1226.80076032	6.04640013914
1226.99722849	14.3131580753
1227.19369667	0.0
1227.39016484	0.0
1227.58663302	42.6847912547
1227.78310119	0.0
1227.97956937	0.0
1228.17603754	0.0
1228.37250572	0.0
1228.56897389	2.83614457299
1228.76544207	0.0
1228.96191024	0.0
1229.15837842	0.0
1229.35484659	0.0
1229.55131477	0.0
1229.74778294	0.0
1229.94425112	0.0
1230.1407193	0.0
