1210.68897073	0.0
1210.8477894	0.0
1211.00660808	0.0
1211.16542675	0.0
1211.32424542	0.0
1211.4830641	0.0
1211.64188277	0.0
1211.80070144	0.0
1211.95952012	0.0
1212.11833879	0.0
1212.27715746	0.0
1212.43597614	0.0
1212.59479481	0.0
1212.75361348	0.0
1212.91243216	0.0
1213.07125083	0.0
1213.2300695	0.0
1213.38888818	0.0
1213.54770685	72.0378946557
1213.70652552	0.0
1213.8653442	77.4335248331
1214.02416287	0.0
1214.18298154	73.4205798006
1214.34180022	50.8841027556
1214.50061889	0.0
1214.65943756	53.231029881
1214.81825624	68.4024940039
1214.97707491	385.070378135
1215.13589358	468.443754655
1215.29471226	351.224261797
1215.45353093	451.409508118
1215.6123496	443.34504542
1215.77116828	569.417216711
1215.92998695	595.906871692
1216.08880562	245.736870456
1216.2476243	466.74764199
1216.40644297	786.413550278
1216.56526164	810.90123625
1216.72408032	828.571241192
1216.88289899	1405.23877384
1217.04171767	1584.69815499
1217.20053634	1747.71928578
1217.35935501	3365.2569074
1217.51817369	3246.22976914
1217.67699236	2815.20680311
1217.83581103	2336.37106458
1217.99462971	2177.5258173
1218.15344838	1421.66133021
1218.31226705	1094.52973861
1218.47108573	600.312771092
1218.6299044	1079.34027259
1218.78872307	578.466151088
1218.94754175	1082.0766538
1219.10636042	868.493467803
1219.26517909	1005.68366442
1219.42399777	632.155596127
1219.58281644	588.740850077
1219.74163511	546.138345428
1219.90045379	642.701664472
1220.05927246	576.081699373
1220.21809113	418.887262612
1220.37690981	503.054834903
1220.53572848	179.851902822
1220.69454715	383.023046395
1220.85336583	87.2053755601
1221.0121845	16.0794106972
1221.17100317	254.910564733
1221.32982185	105.223588459
1221.48864052	5.090194742
1221.64745919	11.7197690968
1221.80627787	33.9944684508
1221.96509654	0.0112957653837
1222.12391521	119.015252567
1222.28273389	0.22527605512
1222.44155256	75.0054529248
1222.60037123	46.6219395261
1222.75918991	0.0
1222.91800858	0.0
1223.07682725	91.7680385619
1223.23564593	1.12924611757
1223.3944646	0.0
1223.55328327	0.00214018153929
1223.71210195	0.0
1223.87092062	0.0
1224.02973929	0.0
1224.18855797	0.0
1224.34737664	0.0
1224.50619531	0.0
1224.66501399	0.0
1224.82383266	0.0
1224.98265133	0.0
1225.14147001	0.0
1225.30028868	0.0
1225.45910735	0.0
1225.61792603	0.0
1225.7767447	0.0
1225.93556337	0.0
1226.09438205	0.0
1226.25320072	0.0
1226.41201939	0.0
