1210.68855795	0.0
1210.82420415	0.0
1210.95985035	0.0
1211.09549656	0.0
1211.23114276	0.0
1211.36678897	0.0
1211.50243517	0.0
1211.63808138	0.0
1211.77372758	0.0
1211.90937378	0.0
1212.04501999	0.0
1212.18066619	0.0
1212.3163124	0.0
1212.4519586	0.0
1212.58760481	0.0
1212.72325101	0.0
1212.85889721	0.0
1212.99454342	0.0
1213.13018962	0.0
1213.26583583	0.0
1213.40148203	0.0
1213.53712824	0.0
1213.67277444	0.0
1213.80842064	0.0
1213.94406685	0.0
1214.07971305	45.4658349901
1214.21535926	50.3859351099
1214.35100546	5740.11190137
1214.48665167	2411.88020514
1214.62229787	12583.9648005
1214.75794407	2396.9226429
1214.89359028	870.604594191
1215.02923648	936.919204619
1215.16488269	1127.18460181
1215.30052889	871.580397587
1215.4361751	970.48150469
1215.5718213	517.291437153
1215.7074675	922.19578245
1215.84311371	492.74242971
1215.97875991	631.940142033
1216.11440612	344.913115003
1216.25005232	301.135949591
1216.38569853	215.831357573
1216.52134473	288.345926806
1216.65699093	310.085778236
1216.79263714	334.91207844
1216.92828334	226.280527331
1217.06392955	218.854865811
1217.19957575	439.761895288
1217.33522196	691.722701574
1217.47086816	735.380641439
1217.60651437	518.368155352
1217.74216057	849.432154259
1217.87780677	630.35964924
1218.01345298	889.695435872
1218.14909918	1175.38503965
1218.28474539	1817.06955752
1218.42039159	1200.83874888
1218.5560378	677.499484696
1218.691684	281.880104651
1218.8273302	140.022838266
1218.96297641	52.9990230434
1219.09862261	45.7284414432
1219.23426882	40.2957714145
1219.36991502	73.3932880132
1219.50556123	0.361974333246
1219.64120743	178.633434068
1219.77685363	0.0
1219.91249984	0.0
1220.04814604	94.9736774535
1220.18379225	0.0
1220.31943845	0.0
1220.45508466	23.4703795292
1220.59073086	92.572699108
1220.72637706	0.0
1220.86202327	34.8386582705
1220.99766947	0.0
1221.13331568	0.0
1221.26896188	88.791484228
1221.40460809	0.0
1221.54025429	0.0
1221.67590049	0.0
1221.8115467	0.0
1221.9471929	0.0
1222.08283911	44.387483715
1222.21848531	0.0
1222.35413152	0.0
1222.48977772	0.0
1222.62542392	0.0
1222.76107013	0.0
1222.89671633	0.0
1223.03236254	0.0
1223.16800874	0.0
1223.30365495	0.0
1223.43930115	0.0
1223.57494735	0.0
1223.71059356	0.0
1223.84623976	0.0
1223.98188597	0.0
1224.11753217	0.0
