1210.68864705	0.0
1210.82498219	0.0
1210.96131733	0.0
1211.09765246	0.0
1211.2339876	0.0
1211.37032274	0.0
1211.50665788	0.0
1211.64299302	0.0
1211.77932816	0.0
1211.9156633	0.0
1212.05199844	0.0
1212.18833358	0.0
1212.32466872	0.0
1212.46100386	0.0
1212.597339	0.0
1212.73367413	0.0
1212.87000927	0.0
1213.00634441	0.0
1213.14267955	0.0
1213.27901469	0.0
1213.41534983	0.0
1213.55168497	0.0
1213.68802011	4.79689128294
1213.82435525	0.0
1213.96069039	0.0
1214.09702553	0.0
1214.23336067	0.0
1214.36969581	0.0
1214.50603094	0.0
1214.64236608	343.667712478
1214.77870122	1177.60841821
1214.91503636	901.716307254
1215.0513715	847.24052671
1215.18770664	986.00376602
1215.32404178	764.143000605
1215.46037692	692.401971338
1215.59671206	570.7844815
1215.7330472	947.7701099
1215.86938234	837.265500756
1216.00571748	432.788321665
1216.14205261	567.328723848
1216.27838775	681.457657573
1216.41472289	309.085775356
1216.55105803	671.515011098
1216.68739317	780.316479027
1216.82372831	963.194184806
1216.96006345	1372.39709094
1217.09639859	2693.48956965
1217.23273373	2750.65586343
1217.36906887	3401.62460649
1217.50540401	3961.02673614
1217.64173915	3125.48508904
1217.77807428	2376.81065937
1217.91440942	1110.50136949
1218.05074456	1071.75140984
1218.1870797	769.751950618
1218.32341484	517.75603602
1218.45974998	239.812114296
1218.59608512	586.822808636
1218.73242026	783.965212405
1218.8687554	332.803942738
1219.00509054	456.650684887
1219.14142568	363.945331955
1219.27776082	293.360664991
1219.41409596	527.761364827
1219.55043109	58.3678160545
1219.68676623	103.796322437
1219.82310137	392.140641833
1219.95943651	115.009071911
1220.09577165	433.227661012
1220.23210679	101.373400621
1220.36844193	81.5512134678
1220.50477707	19.1233599617
1220.64111221	31.7618636827
1220.77744735	277.759265121
1220.91378249	317.80045311
1221.05011763	85.5562754362
1221.18645276	3.53434442932
1221.3227879	57.7843651452
1221.45912304	0.0
1221.59545818	53.3786270595
1221.73179332	0.0
1221.86812846	0.0
1222.0044636	2.07725360365
1222.14079874	0.0
1222.27713388	0.0
1222.41346902	0.0
1222.54980416	0.0
1222.6861393	0.0
1222.82247443	0.0
1222.95880957	0.0
1223.09514471	0.0
1223.23147985	0.0
1223.36781499	0.0
1223.50415013	1.94124948215
1223.64048527	0.0
1223.77682041	0.0
1223.91315555	0.0
1224.04949069	0.0
1224.18582583	0.0
