1210.69299688	0.0
1210.90141789	0.0
1211.1098389	0.0
1211.3182599	0.0
1211.52668091	0.0
1211.73510192	0.0
1211.94352293	0.0
1212.15194394	0.0
1212.36036495	0.0
1212.56878596	0.0
1212.77720696	0.0
1212.98562797	0.0
1213.19404898	0.152752477071
1213.40246999	0.0
1213.610891	30.8685890325
1213.81931201	0.0
1214.02773302	0.0
1214.23615402	0.0
1214.44457503	0.0
1214.65299604	0.0827937232877
1214.86141705	0.0
1215.06983806	0.0
1215.27825907	0.0170390357825
1215.48668008	6.62724202481
1215.69510108	0.0
1215.90352209	80.3286661428
1216.1119431	105.426936329
1216.32036411	180.062060548
1216.52878512	444.9735426
1216.73720613	517.906927892
1216.94562714	518.14550993
1217.15404814	1216.80538465
1217.36246915	973.982436237
1217.57089016	828.131286887
1217.77931117	1272.27453922
1217.98773218	1270.27015809
1218.19615319	1692.30509205
1218.4045742	817.379290522
1218.6129952	1236.08819758
1218.82141621	1773.70166531
1219.02983722	1201.58784443
1219.23825823	1516.74056256
1219.44667924	1710.87339114
1219.65510025	1310.14259964
1219.86352125	1328.40939504
1220.07194226	1684.75411465
1220.28036327	1642.83450656
1220.48878428	1320.40841722
1220.69720529	1408.20682553
1220.9056263	1247.41614176
1221.11404731	1101.22155153
1221.32246831	1160.88594741
1221.53088932	1234.81908007
1221.73931033	884.580596799
1221.94773134	442.681387035
1222.15615235	561.35190621
1222.36457336	734.432628094
1222.57299437	462.760838097
1222.78141537	156.176744267
1222.98983638	491.980064544
1223.19825739	336.745587501
1223.4066784	478.057977112
1223.61509941	576.95748708
1223.82352042	94.1071773573
1224.03194143	225.594182676
1224.24036243	374.331972188
1224.44878344	302.698017005
1224.65720445	202.965603413
1224.86562546	61.3740070572
1225.07404647	154.661696446
1225.28246748	126.291540466
1225.49088849	35.507131703
1225.69930949	143.185742546
1225.9077305	0.0
1226.11615151	0.363720990914
1226.32457252	26.3617680824
1226.53299353	0.0
1226.74141454	42.2408502962
1226.94983555	21.7335064009
1227.15825655	0.0
1227.36667756	0.0
1227.57509857	82.1859325184
1227.78351958	0.0
1227.99194059	0.0
1228.2003616	0.0
1228.40878261	0.0
1228.61720361	0.0
1228.82562462	0.0
1229.03404563	0.0
1229.24246664	0.0
1229.45088765	0.0
1229.65930866	0.0
1229.86772966	0.0
1230.07615067	0.0
1230.28457168	0.0
1230.49299269	0.0
1230.7014137	0.0
1230.90983471	0.0
1231.11825572	0.0
1231.32667672	0.0
