1210.68905983	0.0
1210.81678566	0.0
1210.94451148	0.0
1211.07223731	0.0
1211.19996313	0.0
1211.32768896	0.0
1211.45541479	0.0
1211.58314061	0.0
1211.71086644	0.0
1211.83859226	0.0
1211.96631809	0.0
1212.09404391	0.0
1212.22176974	0.0
1212.34949556	0.0
1212.47722139	0.0
1212.60494722	0.0
1212.73267304	0.0
1212.86039887	0.0
1212.98812469	0.0
1213.11585052	0.0
1213.24357634	0.0
1213.37130217	0.0
1213.49902799	0.0
1213.62675382	0.0
1213.75447964	0.0
1213.88220547	0.0
1214.0099313	0.0
1214.13765712	0.0
1214.26538295	1.43420531563
1214.39310877	8.27694536251
1214.5208346	0.0
1214.64856042	0.00649052945309
1214.77628625	103.705869174
1214.90401207	195.550969527
1215.0317379	223.696762135
1215.15946373	398.955020847
1215.28718955	597.803983433
1215.41491538	234.805333299
1215.5426412	548.928031055
1215.67036703	371.755301578
1215.79809285	739.495789382
1215.92581868	651.898290114
1216.0535445	1117.11638982
1216.18127033	1419.86749057
1216.30899616	2853.49814994
1216.43672198	3763.7232041
1216.56444781	3723.55573175
1216.69217363	4265.87589352
1216.81989946	3743.83730442
1216.94762528	3502.82641725
1217.07535111	2255.83074123
1217.20307693	2275.28748641
1217.33080276	1248.76354042
1217.45852859	1033.0901987
1217.58625441	869.697433819
1217.71398024	1143.55311886
1217.84170606	804.313698726
1217.96943189	546.047620787
1218.09715771	840.271357806
1218.22488354	527.233575043
1218.35260936	308.295005521
1218.48033519	806.126401892
1218.60806101	490.587050145
1218.73578684	260.481271674
1218.86351267	164.554216015
1218.99123849	416.905141599
1219.11896432	251.855531685
1219.24669014	0.0
1219.37441597	199.199396297
1219.50214179	9.48438288888
1219.62986762	0.0
1219.75759344	0.0
1219.88531927	77.0766285026
1220.0130451	0.0
1220.14077092	0.0
1220.26849675	0.0
1220.39622257	32.5558611126
1220.5239484	0.0
1220.65167422	0.0
1220.77940005	0.0
1220.90712587	0.0
1221.0348517	0.0
1221.16257753	0.0
1221.29030335	0.0
1221.41802918	0.0
1221.545755	0.0
1221.67348083	0.0
1221.80120665	0.0
1221.92893248	0.0
1222.0566583	0.0
1222.18438413	0.0
1222.31210996	0.0
1222.43983578	0.0
1222.56756161	0.0
1222.69528743	0.0
1222.82301326	0.0
1222.95073908	0.0
1223.07846491	0.0
1223.20619073	0.0
1223.33391656	0.0
