1210.68864232	0.0
1210.79576257	0.0
1210.90288283	0.0
1211.01000309	0.0
1211.11712335	0.0
1211.2242436	0.0
1211.33136386	0.0
1211.43848412	0.0
1211.54560438	0.0
1211.65272464	0.0
1211.75984489	0.0
1211.86696515	0.0
1211.97408541	0.0
1212.08120567	0.0
1212.18832592	0.0
1212.29544618	0.0
1212.40256644	0.0
1212.5096867	0.0
1212.61680695	0.0
1212.72392721	0.0
1212.83104747	0.0
1212.93816773	0.0
1213.04528799	0.0
1213.15240824	0.0
1213.2595285	0.0
1213.36664876	0.0
1213.47376902	0.0
1213.58088927	0.0
1213.68800953	0.0
1213.79512979	0.0
1213.90225005	0.0
1214.00937031	0.0
1214.11649056	0.0
1214.22361082	64.5765914969
1214.33073108	3989.68121763
1214.43785134	3971.23811374
1214.54497159	2878.72766762
1214.65209185	4518.69969202
1214.75921211	2557.25893372
1214.86633237	2236.79832241
1214.97345262	1619.95518575
1215.08057288	297.479071598
1215.18769314	199.024368236
1215.2948134	4.83306340013
1215.40193366	8.94538937795
1215.50905391	376.100879458
1215.61617417	1083.62459117
1215.72329443	833.430673229
1215.83041469	948.420556942
1215.93753494	1500.08147126
1216.0446552	1715.25007075
1216.15177546	1952.77579674
1216.25889572	1478.80624999
1216.36601598	1720.73584027
1216.47313623	1389.81519776
1216.58025649	1328.99655951
1216.68737675	934.02602789
1216.79449701	1821.60056495
1216.90161726	447.730040064
1217.00873752	948.791302964
1217.11585778	410.889954532
1217.22297804	169.205217421
1217.33009829	286.520006922
1217.43721855	184.489149011
1217.54433881	185.595473922
1217.65145907	72.8866899415
1217.75857933	87.7843182499
1217.86569958	0.0
1217.97281984	100.394404881
1218.0799401	0.0
1218.18706036	0.0
1218.29418061	0.0
1218.40130087	0.0
1218.50842113	0.0
1218.61554139	0.0
1218.72266165	0.0
1218.8297819	0.0
1218.93690216	0.0
1219.04402242	0.0
1219.15114268	0.0
1219.25826293	0.0
1219.36538319	0.0
1219.47250345	0.0
1219.57962371	0.0
1219.68674396	0.0
1219.79386422	0.0
1219.90098448	0.0
1220.00810474	0.0
1220.115225	0.0
1220.22234525	0.0
1220.32946551	0.0
1220.43658577	0.0
1220.54370603	0.0
1220.65082628	0.0
1220.75794654	0.0
1220.8650668	0.0
1220.97218706	0.0
1221.07930732	0.0
1221.18642757	0.0
1221.29354783	0.0
