1210.69025443	0.0
1210.84559989	0.0
1211.00094535	0.0
1211.15629081	0.0
1211.31163628	0.0
1211.46698174	0.0
1211.6223272	0.0
1211.77767266	0.0
1211.93301813	0.0
1212.08836359	0.0
1212.24370905	0.0
1212.39905451	0.0
1212.55439998	0.0
1212.70974544	0.0
1212.8650909	0.0
1213.02043636	0.0
1213.17578183	0.0
1213.33112729	2.78835658926
1213.48647275	0.0
1213.64181821	0.0
1213.79716368	0.0
1213.95250914	0.0
1214.1078546	158.1953594
1214.26320006	75.7177504115
1214.41854553	0.0
1214.57389099	0.0
1214.72923645	0.0
1214.88458191	0.0
1215.03992738	0.0
1215.19527284	0.0
1215.3506183	0.0
1215.50596376	0.0
1215.66130923	10.5317788282
1215.81665469	5.75435956769
1215.97200015	71.519805394
1216.12734561	123.277848704
1216.28269108	75.2611342243
1216.43803654	330.472286789
1216.593382	295.974479093
1216.74872746	526.236148868
1216.90407293	764.172668527
1217.05941839	1025.39414776
1217.21476385	1222.70202568
1217.37010931	664.239632503
1217.52545477	1104.85693789
1217.68080024	1792.58925939
1217.8361457	1877.46977698
1217.99149116	1147.52281796
1218.14683662	1645.32579187
1218.30218209	2244.15378997
1218.45752755	1926.33646918
1218.61287301	1763.35659683
1218.76821847	1920.89728308
1218.92356394	1986.84603054
1219.0789094	1921.89533083
1219.23425486	838.048746126
1219.38960032	1651.04021486
1219.54494579	1677.46012427
1219.70029125	1106.04073631
1219.85563671	678.442996137
1220.01098217	1188.92141776
1220.16632764	975.382330413
1220.3216731	1003.54345273
1220.47701856	747.928792719
1220.63236402	719.803942692
1220.78770949	1060.24561217
1220.94305495	378.797953009
1221.09840041	621.186695216
1221.25374587	748.901004715
1221.40909134	461.682283995
1221.5644368	312.176312432
1221.71978226	322.529870421
1221.87512772	83.7923868658
1222.03047319	251.738392247
1222.18581865	265.559205249
1222.34116411	146.980607316
1222.49650957	139.090092183
1222.65185504	82.8898332299
1222.8072005	211.298992035
1222.96254596	132.480156184
1223.11789142	0.0
1223.27323689	91.6568811832
1223.42858235	40.6658221347
1223.58392781	89.6785295719
1223.73927327	98.8104057735
1223.89461874	101.223819493
1224.0499642	0.0
1224.20530966	0.0
1224.36065512	0.0
1224.51600058	9.19647311151
1224.67134605	0.0
1224.82669151	0.0
1224.98203697	1.53065389978
1225.13738243	0.0
1225.2927279	0.0
1225.44807336	0.0407649380431
1225.60341882	0.0
1225.75876428	0.0
1225.91410975	0.0
1226.06945521	0.0
