1210.68874955	0.0
1210.85094608	0.0
1211.0131426	0.0
1211.17533913	0.0
1211.33753565	0.0
1211.49973218	0.0
1211.6619287	0.0
1211.82412523	0.0
1211.98632175	0.0
1212.14851828	0.0
1212.3107148	0.0
1212.47291133	0.0
1212.63510786	0.0
1212.79730438	0.0
1212.95950091	0.0
1213.12169743	0.0
1213.28389396	27.9741600315
1213.44609048	10.6353310117
1213.60828701	0.0
1213.77048353	0.0
1213.93268006	5.72319008889
1214.09487658	0.0
1214.25707311	86.3510611367
1214.41926963	21.162446011
1214.58146616	124.448749031
1214.74366268	244.629491729
1214.90585921	772.720239064
1215.06805573	853.021417436
1215.23025226	651.692771536
1215.39244878	874.824861334
1215.55464531	849.275630394
1215.71684183	671.809578244
1215.87903836	788.448389702
1216.04123488	846.664215344
1216.20343141	630.136645168
1216.36562793	439.781415833
1216.52782446	442.404659022
1216.69002098	281.770443486
1216.85221751	310.830748308
1217.01441403	266.18563816
1217.17661056	599.153641284
1217.33880709	493.304852865
1217.50100361	936.848816059
1217.66320014	1108.51643389
1217.82539666	2069.17480278
1217.98759319	1950.2792852
1218.14978971	2975.38760955
1218.31198624	2369.28889699
1218.47418276	2500.64183245
1218.63637929	2213.88074056
1218.79857581	1271.18821613
1218.96077234	836.772093606
1219.12296886	543.422127082
1219.28516539	885.280863211
1219.44736191	754.73471474
1219.60955844	676.917912284
1219.77175496	586.282307961
1219.93395149	443.761002411
1220.09614801	634.642720357
1220.25834454	294.396732469
1220.42054106	306.927778575
1220.58273759	348.290382083
1220.74493411	337.109818514
1220.90713064	309.045980549
1221.06932716	479.083148834
1221.23152369	244.411357363
1221.39372021	143.717624399
1221.55591674	345.140673197
1221.71811326	567.35398939
1221.88030979	283.220213831
1222.04250632	145.490819575
1222.20470284	28.4664984706
1222.36689937	107.987154985
1222.52909589	46.8674033409
1222.69129242	97.335467676
1222.85348894	18.3142189344
1223.01568547	0.0
1223.17788199	0.0
1223.34007852	6.69996513316
1223.50227504	39.5081438904
1223.66447157	0.0
1223.82666809	0.0
1223.98886462	0.0
1224.15106114	0.0
1224.31325767	0.0
1224.47545419	0.0
1224.63765072	54.1506232149
1224.79984724	0.0
1224.96204377	43.6679715328
1225.12424029	0.0
1225.28643682	0.0
1225.44863334	0.0
1225.61082987	0.0
1225.77302639	0.0
1225.93522292	0.0
1226.09741944	0.0
1226.25961597	0.0
1226.42181249	0.0247157958511
1226.58400902	0.0
1226.74620554	0.0
