1210.69200296	0.0
1210.86906258	0.0
1211.04612221	0.0
1211.22318183	0.0
1211.40024146	0.0
1211.57730109	0.0
1211.75436071	0.0
1211.93142034	0.0
1212.10847997	0.0
1212.28553959	0.0
1212.46259922	0.0
1212.63965884	0.0
1212.81671847	0.0
1212.9937781	0.0
1213.17083772	0.0
1213.34789735	57.6221788895
1213.52495698	0.0
1213.7020166	0.0
1213.87907623	0.0
1214.05613586	0.0
1214.23319548	0.0
1214.41025511	3.47014699443
1214.58731473	0.0
1214.76437436	0.0
1214.94143399	0.0
1215.11849361	130.612466672
1215.29555324	81.5656296677
1215.47261287	197.408675642
1215.64967249	74.4886839479
1215.82673212	123.886867701
1216.00379174	146.758611093
1216.18085137	453.024991817
1216.357911	589.298459377
1216.53497062	685.502207891
1216.71203025	643.391637981
1216.88908988	1038.58132271
1217.0661495	1092.33279218
1217.24320913	1347.33871573
1217.42026875	1550.70060991
1217.59732838	2113.467674
1217.77438801	1713.75703229
1217.95144763	1443.7358787
1218.12850726	637.236796958
1218.30556689	1360.92930553
1218.48262651	1643.01669574
1218.65968614	1023.81404823
1218.83674576	1421.35855763
1219.01380539	1456.15939931
1219.19086502	936.763071348
1219.36792464	1540.79965428
1219.54498427	879.872769641
1219.7220439	1263.99936889
1219.89910352	1419.21503896
1220.07616315	893.179674254
1220.25322277	606.343856218
1220.4302824	933.054797672
1220.60734203	766.196643758
1220.78440165	916.440670192
1220.96146128	910.430636317
1221.13852091	643.796807347
1221.31558053	388.017324612
1221.49264016	533.754195704
1221.66969979	245.83018981
1221.84675941	365.125126732
1222.02381904	241.695297629
1222.20087866	251.894800618
1222.37793829	520.783626155
1222.55499792	457.631540601
1222.73205754	98.8007651274
1222.90911717	231.5975768
1223.0861768	113.997315501
1223.26323642	190.317423133
1223.44029605	25.5691531494
1223.61735567	113.598763123
1223.7944153	46.2732766322
1223.97147493	31.0047055773
1224.14853455	111.99579373
1224.32559418	79.9702278773
1224.50265381	2.49342990061
1224.67971343	22.3909228915
1224.85677306	0.0
1225.03383268	42.7800502382
1225.21089231	0.0
1225.38795194	2.00127057297
1225.56501156	0.0
1225.74207119	0.0
1225.91913082	0.0
1226.09619044	0.0
1226.27325007	0.0
1226.45030969	0.0
1226.62736932	0.468421425874
1226.80442895	3.83422883983
1226.98148857	0.0
1227.1585482	0.0
1227.33560783	0.0
1227.51266745	0.0
1227.68972708	0.0
1227.8667867	0.0
1228.04384633	0.0
1228.22090596	0.0
