1210.65480119	0.0
1210.85965457	0.0
1211.06450794	0.0
1211.26936132	0.0
1211.4742147	0.0
1211.67906807	0.0
1211.88392145	0.0
1212.08877483	0.0
1212.2936282	0.0
1212.49848158	0.0
1212.70333495	0.0
1212.90818833	0.0
1213.11304171	0.0
1213.31789508	0.00592964083564
1213.52274846	0.0
1213.72760183	92.6718624106
1213.93245521	0.0
1214.13730859	2.50462701448
1214.34216196	0.0
1214.54701534	0.0
1214.75186871	0.0
1214.95672209	0.0
1215.16157547	0.0
1215.36642884	0.0
1215.57128222	0.0
1215.77613559	69.2474159851
1215.98098897	149.750050279
1216.18584235	23.9067144309
1216.39069572	352.567518464
1216.5955491	260.000008478
1216.80040247	291.46436918
1217.00525585	888.688545375
1217.21010923	882.061399064
1217.4149626	1157.0464757
1217.61981598	1077.92578657
1217.82466936	794.684473561
1218.02952273	1390.51310166
1218.23437611	1009.54510997
1218.43922948	1479.24995988
1218.64408286	2003.19801794
1218.84893624	1157.74906217
1219.05378961	1214.73738927
1219.25864299	1599.80589947
1219.46349636	1422.15890891
1219.66834974	1907.18416231
1219.87320312	1816.62102622
1220.07805649	1420.09421849
1220.28290987	1694.32095388
1220.48776324	1489.35392525
1220.69261662	1187.94841196
1220.89747	2134.68001216
1221.10232337	1179.06161745
1221.30717675	1650.6059334
1221.51203012	1314.21468222
1221.7168835	1271.56218285
1221.92173688	867.925979525
1222.12659025	977.45484911
1222.33144363	462.407282762
1222.536297	699.532872047
1222.74115038	618.657735725
1222.94600376	487.9060273
1223.15085713	918.801261014
1223.35571051	611.985308196
1223.56056389	760.006393954
1223.76541726	262.80993931
1223.97027064	202.694490357
1224.17512401	458.972781899
1224.37997739	561.986696241
1224.58483077	47.4619339565
1224.78968414	145.075701746
1224.99453752	289.133659236
1225.19939089	163.021289919
1225.40424427	223.192757733
1225.60909765	219.579086232
1225.81395102	182.760109938
1226.0188044	188.12843985
1226.22365777	49.5704796003
1226.42851115	41.72440544
1226.63336453	113.626082444
1226.8382179	0.0
1227.04307128	48.1473189741
1227.24792465	0.231520034198
1227.45277803	94.8401165485
1227.65763141	3.97138566449
1227.86248478	0.0
1228.06733816	37.6243578803
1228.27219153	0.0
1228.47704491	0.0
1228.68189829	0.0
1228.88675166	0.0
1229.09160504	95.4798789249
1229.29645842	0.0
1229.50131179	0.0
1229.70616517	0.0
1229.91101854	0.0
1230.11587192	0.0
1230.3207253	0.0
1230.52557867	0.0
1230.73043205	0.0
1230.93528542	0.0
