1210.09096056	0.0
1210.2561501	0.0
1210.42133963	0.0
1210.58652916	0.0
1210.7517187	0.0
1210.91690823	0.0
1211.08209776	0.0
1211.2472873	0.0
1211.41247683	0.0
1211.57766637	0.0
1211.7428559	0.0
1211.90804543	0.0
1212.07323497	0.0
1212.2384245	0.0
1212.40361404	0.0
1212.56880357	13.3885922023
1212.7339931	0.0
1212.89918264	0.0
1213.06437217	0.130266733297
1213.2295617	165.54669246
1213.39475124	88.0256393951
1213.55994077	66.2834841362
1213.72513031	5.80482171656
1213.89031984	89.068804213
1214.05550937	114.926203292
1214.22069891	151.062365183
1214.38588844	0.0
1214.55107797	221.767805939
1214.71626751	100.200132006
1214.88145704	0.0167022797689
1215.04664658	48.3237547259
1215.21183611	87.3268658651
1215.37702564	214.278239958
1215.54221518	65.4744390677
1215.70740471	76.5267159447
1215.87259425	210.3198421
1216.03778378	197.99129656
1216.20297331	222.758850998
1216.36816285	607.257932694
1216.53335238	308.590970576
1216.69854191	598.317143315
1216.86373145	470.33733904
1217.02892098	495.840620366
1217.19411052	588.880024959
1217.35930005	1002.41219751
1217.52448958	779.856701068
1217.68967912	1059.10441258
1217.85486865	1374.72332309
1218.02005819	948.978946168
1218.18524772	1281.34888419
1218.35043725	760.856676725
1218.51562679	1251.40216498
1218.68081632	1844.14973376
1218.84600585	1721.53648487
1219.01119539	1314.22443872
1219.17638492	1952.86404758
1219.34157446	1633.52416298
1219.50676399	1697.01192093
1219.67195352	1580.54304914
1219.83714306	1605.43990915
1220.00233259	1717.1104405
1220.16752213	1225.03881457
1220.33271166	919.372919124
1220.49790119	763.160551292
1220.66309073	844.619966561
1220.82828026	656.790604771
1220.99346979	1067.1041988
1221.15865933	465.910847218
1221.32384886	799.755076325
1221.4890384	446.804115939
1221.65422793	796.492480715
1221.81941746	605.886557729
1221.984607	702.680869548
1222.14979653	131.621863529
1222.31498607	419.629999628
1222.4801756	285.927161668
1222.64536513	415.870085533
1222.81055467	293.479828467
1222.9757442	189.050128811
1223.14093373	106.577452483
1223.30612327	159.564985934
1223.4713128	107.500995911
1223.63650234	26.1170830409
1223.80169187	0.0
1223.9668814	69.8981255831
1224.13207094	3.14802694556
1224.29726047	139.064501213
1224.46245	0.088743205597
1224.62763954	0.10402296712
1224.79282907	0.0
1224.95801861	0.0
1225.12320814	0.0
1225.28839767	0.0
1225.45358721	0.0
1225.61877674	0.0
1225.78396628	0.0
1225.94915581	0.0
1226.11434534	0.0
1226.27953488	0.0
1226.44472441	0.0
