1210.68883353	0.0
1210.82051397	0.0
1210.95219441	0.0
1211.08387485	0.0
1211.21555529	0.0
1211.34723573	0.0
1211.47891617	0.0
1211.61059661	0.0
1211.74227705	0.0
1211.87395749	0.0
1212.00563793	0.0
1212.13731837	0.0
1212.26899881	0.0
1212.40067925	0.0
1212.53235969	0.0
1212.66404013	0.0
1212.79572057	0.0
1212.92740101	0.0
1213.05908145	0.0
1213.19076189	0.0
1213.32244232	0.0
1213.45412276	0.0
1213.5858032	0.0
1213.71748364	0.0
1213.84916408	0.0
1213.98084452	83.6461574751
1214.11252496	104.189378719
1214.2442054	80.5063723246
1214.37588584	104.583894281
1214.50756628	92.1115947601
1214.63924672	90.2188885663
1214.77092716	48.9835384164
1214.9026076	0.0
1215.03428804	57.7782783003
1215.16596848	119.038224145
1215.29764892	49.1691553478
1215.42932936	90.9381847635
1215.5610098	347.558485436
1215.69269024	399.377195205
1215.82437068	435.497481924
1215.95605112	812.707769133
1216.08773156	878.688645572
1216.219412	1239.4690592
1216.35109244	1471.10358595
1216.48277288	1394.14820321
1216.61445332	2299.90583542
1216.74613376	1808.12201625
1216.8778142	1544.72397858
1217.00949464	2275.68289031
1217.14117508	2050.39426127
1217.27285552	2142.47698468
1217.40453596	2407.81185399
1217.5362164	2017.27932497
1217.66789684	1913.00953037
1217.79957728	1524.91701763
1217.93125772	1362.3816892
1218.06293816	1176.20955438
1218.1946186	1317.98989601
1218.32629904	1141.8656277
1218.45797948	1080.72230848
1218.58965992	820.627195262
1218.72134035	841.043319473
1218.85302079	544.166407184
1218.98470123	543.719919372
1219.11638167	238.320396099
1219.24806211	359.512296082
1219.37974255	560.646877802
1219.51142299	236.521484687
1219.64310343	344.655758047
1219.77478387	81.4073043556
1219.90646431	196.738185199
1220.03814475	161.410679224
1220.16982519	98.8954466399
1220.30150563	184.557090365
1220.43318607	83.2998075284
1220.56486651	38.7262573337
1220.69654695	37.1761011949
1220.82822739	102.88607461
1220.95990783	76.049638258
1221.09158827	0.0
1221.22326871	48.0718351569
1221.35494915	0.0
1221.48662959	24.6653765309
1221.61831003	0.0
1221.74999047	0.0
1221.88167091	0.0
1222.01335135	81.9141453671
1222.14503179	0.0
1222.27671223	0.0
1222.40839267	0.0
1222.54007311	0.0
1222.67175355	0.0
1222.80343399	0.0
1222.93511443	0.0
1223.06679487	0.0
1223.19847531	0.0
1223.33015575	0.0
1223.46183619	0.0
1223.59351663	0.0
1223.72519707	0.0
