1210.45657503	0.0
1210.71726083	0.0
1210.97794663	0.0
1211.23863243	0.0
1211.49931823	0.0
1211.76000404	0.0
1212.02068984	2.39639846819
1212.28137564	0.0
1212.54206144	0.0
1212.80274724	0.0
1213.06343304	5.36261488188
1213.32411884	19.2534525267
1213.58480464	0.0385440744998
1213.84549044	0.0
1214.10617624	0.0
1214.36686204	0.0
1214.62754784	0.0
1214.88823364	85.5738184976
1215.14891944	0.0
1215.40960524	0.0
1215.67029104	78.201404555
1215.93097685	0.0
1216.19166265	178.672486954
1216.45234845	219.518575784
1216.71303425	335.706860739
1216.97372005	421.188799954
1217.23440585	387.761138705
1217.49509165	812.395394133
1217.75577745	746.275660194
1218.01646325	849.071603412
1218.27714905	1505.43257587
1218.53783485	994.666956616
1218.79852065	1421.19999453
1219.05920645	1259.36759973
1219.31989225	1462.1987173
1219.58057805	1643.82939694
1219.84126386	981.096156951
1220.10194966	1716.15094862
1220.36263546	1742.62347947
1220.62332126	1501.92601225
1220.88400706	1249.59264939
1221.14469286	1021.63014671
1221.40537866	2099.75021222
1221.66606446	1252.44388185
1221.92675026	1736.43307866
1222.18743606	2341.70387611
1222.44812186	1366.72734173
1222.70880766	1216.48111103
1222.96949346	1121.37556753
1223.23017926	1168.10566933
1223.49086506	1161.50817622
1223.75155086	843.532676974
1224.01223667	682.305303241
1224.27292247	1083.92413609
1224.53360827	506.397613491
1224.79429407	967.749365359
1225.05497987	717.376819272
1225.31566567	405.499522148
1225.57635147	664.151750535
1225.83703727	600.596160436
1226.09772307	550.40970879
1226.35840887	406.194820078
1226.61909467	313.760175238
1226.87978047	223.244324386
1227.14046627	345.547407322
1227.40115207	169.282101215
1227.66183787	155.461523627
1227.92252367	330.84044833
1228.18320948	212.016481218
1228.44389528	179.198003711
1228.70458108	20.4796361551
1228.96526688	14.7370427588
1229.22595268	0.0
1229.48663848	43.1090548416
1229.74732428	74.7040413942
1230.00801008	87.8721058185
1230.26869588	0.00236547226086
1230.52938168	9.30243567798
1230.79006748	58.8267541812
1231.05075328	0.0
1231.31143908	18.076514074
1231.57212488	0.0
1231.83281068	0.0
1232.09349648	0.0
1232.35418229	0.0
1232.61486809	0.0
1232.87555389	0.0
1233.13623969	0.0
1233.39692549	0.0
1233.65761129	130.940838036
1233.91829709	0.0
1234.17898289	0.0
1234.43966869	0.0
1234.70035449	0.0
1234.96104029	0.0
1235.22172609	0.0
1235.48241189	0.0
1235.74309769	0.0
1236.00378349	0.0
1236.2644693	0.0
