1210.69093373	0.0
1210.81339046	0.0
1210.93584719	0.0
1211.05830392	0.0
1211.18076065	0.0
1211.30321739	0.0
1211.42567412	0.0
1211.54813085	0.0
1211.67058758	0.0
1211.79304431	0.0
1211.91550104	0.0
1212.03795777	0.0
1212.1604145	0.0
1212.28287123	0.0
1212.40532796	0.0
1212.52778469	0.0
1212.65024143	0.0
1212.77269816	0.0
1212.89515489	0.0
1213.01761162	0.0
1213.14006835	0.0
1213.26252508	0.0
1213.38498181	0.0
1213.50743854	0.0
1213.62989527	0.0
1213.752352	0.0
1213.87480874	0.0
1213.99726547	67.4656888772
1214.1197222	54.2410636637
1214.24217893	34.5353754222
1214.36463566	52.0171136589
1214.48709239	0.0
1214.60954912	162.78666276
1214.73200585	205.715870621
1214.85446258	682.101204234
1214.97691931	514.173622139
1215.09937604	469.902410474
1215.22183278	292.811455494
1215.34428951	275.270125291
1215.46674624	610.730194132
1215.58920297	1033.32640191
1215.7116597	536.436458128
1215.83411643	711.104269987
1215.95657316	1208.06608937
1216.07902989	1035.81893133
1216.20148662	2477.19281577
1216.32394335	3132.23112205
1216.44640008	4407.284827
1216.56885682	4249.20599109
1216.69131355	4222.68242951
1216.81377028	4089.42460514
1216.93622701	3339.24510095
1217.05868374	3125.41668155
1217.18114047	2177.04347508
1217.3035972	1001.7631672
1217.42605393	1336.84405902
1217.54851066	601.376229775
1217.67096739	653.828082224
1217.79342412	623.539630603
1217.91588086	254.060248161
1218.03833759	405.874077491
1218.16079432	454.828928354
1218.28325105	276.2041264
1218.40570778	206.351537521
1218.52816451	277.600857672
1218.65062124	736.644907488
1218.77307797	131.843245098
1218.8955347	302.540580967
1219.01799143	128.122437457
1219.14044816	96.8127469879
1219.2629049	128.748805491
1219.38536163	20.1060708955
1219.50781836	0.0
1219.63027509	2.93706685463
1219.75273182	0.0
1219.87518855	2.64897827653
1219.99764528	0.0
1220.12010201	32.2450031243
1220.24255874	36.5631335344
1220.36501547	0.0
1220.48747221	0.0
1220.60992894	0.0
1220.73238567	0.0
1220.8548424	0.0
1220.97729913	0.0
1221.09975586	0.0
1221.22221259	0.0
1221.34466932	0.0
1221.46712605	0.0
1221.58958278	0.0
1221.71203951	0.0
1221.83449625	0.0
1221.95695298	0.0
1222.07940971	0.0
1222.20186644	0.0
1222.32432317	0.0
1222.4467799	0.0
1222.56923663	0.0
1222.69169336	0.0
1222.81415009	0.0
