1210.68866755	0.0
1210.82992208	0.0
1210.97117662	0.0
1211.11243115	0.0
1211.25368569	0.0
1211.39494022	0.0
1211.53619476	0.0
1211.67744929	0.0
1211.81870383	0.0
1211.95995836	0.0
1212.1012129	0.0
1212.24246743	0.0
1212.38372197	0.0
1212.5249765	0.0
1212.66623104	0.0
1212.80748558	0.0
1212.94874011	0.0
1213.08999465	0.0
1213.23124918	0.0
1213.37250372	0.0
1213.51375825	0.0
1213.65501279	0.0
1213.79626732	0.0
1213.93752186	0.0
1214.07877639	0.0
1214.22003093	0.0
1214.36128546	19.4498161934
1214.50254	103.269678741
1214.64379453	722.101979112
1214.78504907	888.512019678
1214.9263036	1184.7884089
1215.06755814	988.992254581
1215.20881267	1136.56375987
1215.35006721	929.342232328
1215.49132174	757.948618719
1215.63257628	812.541249634
1215.77383081	598.043997428
1215.91508535	903.016487246
1216.05633988	486.556991003
1216.19759442	237.834611304
1216.33884895	368.618747364
1216.48010349	510.588453392
1216.62135802	860.992537863
1216.76261256	1047.47912762
1216.90386709	1481.62973398
1217.04512163	2011.99976795
1217.18637616	2987.39142586
1217.3276307	2328.2298753
1217.46888523	3692.07437302
1217.61013977	2406.86601957
1217.7513943	2388.37514285
1217.89264884	1888.67399776
1218.03390337	1255.75974881
1218.17515791	603.719792348
1218.31641244	521.170334837
1218.45766698	494.710759398
1218.59892152	403.871487534
1218.74017605	453.431840505
1218.88143059	462.490599838
1219.02268512	446.663685912
1219.16393966	261.862544579
1219.30519419	556.975060275
1219.44644873	268.385742777
1219.58770326	186.153749245
1219.7289578	125.932828962
1219.87021233	171.572482562
1220.01146687	240.254545859
1220.1527214	157.926468137
1220.29397594	114.385011779
1220.43523047	179.375496361
1220.57648501	156.307624438
1220.71773954	16.5720690237
1220.85899408	22.139152789
1221.00024861	0.300184523658
1221.14150315	0.0
1221.28275768	0.0
1221.42401222	80.9135509363
1221.56526675	0.0
1221.70652129	0.0
1221.84777582	0.0
1221.98903036	0.0
1222.13028489	0.0
1222.27153943	0.0
1222.41279396	0.0
1222.5540485	0.0
1222.69530303	0.0
1222.83655757	0.0
1222.9778121	0.0
1223.11906664	0.0
1223.26032117	0.0
1223.40157571	0.0
1223.54283024	0.0
1223.68408478	0.0
1223.82533931	30.2044728668
1223.96659385	0.0
1224.10784839	0.0
1224.24910292	0.0
1224.39035746	0.0
1224.53161199	0.0
1224.67286653	0.0
