1210.63136883	0.0
1210.82328392	0.0
1211.01519901	0.0
1211.2071141	0.0
1211.3990292	0.0
1211.59094429	0.0
1211.78285938	0.0
1211.97477447	0.0
1212.16668957	0.0
1212.35860466	0.0
1212.55051975	0.0
1212.74243484	0.0
1212.93434994	0.0
1213.12626503	0.0
1213.31818012	2.82474488615
1213.51009521	0.0148430116062
1213.70201031	22.0192821402
1213.8939254	0.0
1214.08584049	1.82124835576
1214.27775558	0.0
1214.46967068	76.9982785654
1214.66158577	0.0
1214.85350086	0.0
1215.04541595	0.0
1215.23733105	123.314245604
1215.42924614	4.00180574987
1215.62116123	253.640151657
1215.81307632	254.961998909
1216.00499142	146.03255267
1216.19690651	245.497389958
1216.3888216	530.090400921
1216.58073669	670.748071106
1216.77265179	584.027200035
1216.96456688	619.552195586
1217.15648197	1564.70885013
1217.34839706	2338.01909493
1217.54031216	2333.63404978
1217.73222725	2326.4201686
1217.92414234	1807.31599244
1218.11605743	1154.27412518
1218.30797253	1861.95962124
1218.49988762	1325.20999234
1218.69180271	1643.98134711
1218.8837178	1814.39832399
1219.0756329	1494.61715437
1219.26754799	1724.15483664
1219.45946308	1416.74033049
1219.65137817	1729.10826942
1219.84329327	1569.5873962
1220.03520836	1700.61999874
1220.22712345	1208.84138128
1220.41903854	1482.52686394
1220.61095363	1270.45755054
1220.80286873	1126.14477874
1220.99478382	937.182695831
1221.18669891	1066.69184717
1221.378614	570.49593606
1221.5705291	1373.34755805
1221.76244419	353.16689297
1221.95435928	343.997703391
1222.14627437	463.945688106
1222.33818947	570.312263179
1222.53010456	501.289640052
1222.72201965	445.817325127
1222.91393474	226.586893063
1223.10584984	45.9925619011
1223.29776493	130.898529065
1223.48968002	66.383086301
1223.68159511	170.541592297
1223.87351021	116.938112181
1224.0654253	144.969441263
1224.25734039	66.3210612284
1224.44925548	90.804066424
1224.64117058	56.3915982729
1224.83308567	203.243460046
1225.02500076	81.3539392805
1225.21691585	4.74322698794
1225.40883095	0.0
1225.60074604	0.0
1225.79266113	95.6855167266
1225.98457622	0.0
1226.17649132	10.0180433863
1226.36840641	0.0
1226.5603215	0.0
1226.75223659	0.0
1226.94415169	0.0
1227.13606678	0.0
1227.32798187	0.0
1227.51989696	0.0
1227.71181206	0.0
1227.90372715	0.0
1228.09564224	0.0
1228.28755733	0.0
1228.47947243	0.0
1228.67138752	0.0
1228.86330261	0.0
1229.0552177	0.0
1229.24713279	0.0
1229.43904789	0.0
1229.63096298	0.0
