1210.68762238	0.0
1210.83048432	0.0
1210.97334626	0.0
1211.11620821	0.0
1211.25907015	0.0
1211.40193209	0.0
1211.54479404	0.0
1211.68765598	0.0
1211.83051792	0.0
1211.97337987	0.0
1212.11624181	0.0
1212.25910375	0.0
1212.40196569	0.0
1212.54482764	0.0
1212.68768958	0.0
1212.83055152	0.0
1212.97341347	0.0
1213.11627541	0.0
1213.25913735	0.0
1213.40199929	0.00898167152679
1213.54486124	0.0
1213.68772318	0.0
1213.83058512	0.0
1213.97344707	0.0189577682908
1214.11630901	0.482744910294
1214.25917095	0.0
1214.4020329	0.0
1214.54489484	0.0
1214.68775678	0.0
1214.83061872	10.9434891636
1214.97348067	0.0120345234799
1215.11634261	0.0
1215.25920455	230.713772412
1215.4020665	3.3251375789
1215.54492844	168.90858095
1215.68779038	294.391607105
1215.83065232	563.409608825
1215.97351427	525.427332971
1216.11637621	844.265462876
1216.25923815	811.993186826
1216.4021001	2031.81054652
1216.54496204	2415.60709275
1216.68782398	1807.56843363
1216.83068593	2021.02938958
1216.97354787	3083.03663179
1217.11640981	2134.79164803
1217.25927175	2222.61253527
1217.4021337	2082.90263356
1217.54499564	1255.99822465
1217.68785758	1323.29563684
1217.83071953	1850.04472171
1217.97358147	1521.41806105
1218.11644341	1774.90167684
1218.25930535	1211.52869514
1218.4021673	1370.06460517
1218.54502924	1495.43188739
1218.68789118	1212.14221364
1218.83075313	1525.4094469
1218.97361507	1313.47857283
1219.11647701	636.434199921
1219.25933896	628.259623103
1219.4022009	581.657863494
1219.54506284	261.568345891
1219.68792478	331.819441505
1219.83078673	177.806692631
1219.97364867	549.091576547
1220.11651061	231.167368979
1220.25937256	114.203172202
1220.4022345	63.1894589284
1220.54509644	191.571493963
1220.68795838	71.9616376696
1220.83082033	90.4626888181
1220.97368227	21.4515881091
1221.11654421	56.2824708419
1221.25940616	111.791304089
1221.4022681	0.0
1221.54513004	0.0
1221.68799199	69.864740038
1221.83085393	82.5018853458
1221.97371587	0.0
1222.11657781	0.0392591539057
1222.25943976	84.7424571898
1222.4023017	0.0
1222.54516364	0.0
1222.68802559	87.0999890163
1222.83088753	0.0
1222.97374947	0.0
1223.11661141	0.0
1223.25947336	0.0
1223.4023353	0.0
1223.54519724	0.0
1223.68805919	0.0
1223.83092113	0.0
1223.97378307	0.0
1224.11664501	0.0
1224.25950696	0.0
1224.4023689	0.0
1224.54523084	0.0
1224.68809279	0.0
1224.83095473	0.0
