1210.68976318	0.0
1210.85936924	0.0
1211.02897529	0.0
1211.19858135	0.0
1211.3681874	0.0
1211.53779346	0.0
1211.70739951	0.0
1211.87700556	0.0
1212.04661162	0.0
1212.21621767	0.0
1212.38582373	0.0
1212.55542978	0.0
1212.72503584	0.0
1212.89464189	0.0
1213.06424795	0.0
1213.233854	0.0
1213.40346005	0.0
1213.57306611	0.0
1213.74267216	0.0
1213.91227822	0.0
1214.08188427	0.0
1214.25149033	9.63808198669
1214.42109638	428.659946299
1214.59070243	2160.62961539
1214.76030849	1589.64582085
1214.92991454	1433.66213077
1215.0995206	1444.92681952
1215.26912665	1263.11909238
1215.43873271	1082.68685871
1215.60833876	1994.35161211
1215.77794482	1316.47029048
1215.94755087	801.005564046
1216.11715692	766.094353327
1216.28676298	800.000041837
1216.45636903	881.351126371
1216.62597509	505.061684332
1216.79558114	500.632055597
1216.9651872	685.024283469
1217.13479325	783.044109308
1217.30439931	795.344661134
1217.47400536	1382.59550183
1217.64361141	1264.67601564
1217.81321747	1547.7111694
1217.98282352	2783.92191929
1218.15242958	3667.29963373
1218.32203563	2990.97303464
1218.49164169	2462.61160541
1218.66124774	2100.52709036
1218.83085379	1469.78884143
1219.00045985	467.748287023
1219.1700659	260.753136755
1219.33967196	279.902912091
1219.50927801	162.508854406
1219.67888407	475.576410073
1219.84849012	504.171447691
1220.01809618	278.022159158
1220.18770223	202.907566967
1220.35730828	249.685921365
1220.52691434	0.0128968609934
1220.69652039	196.94174874
1220.86612645	189.97360333
1221.0357325	195.499610923
1221.20533856	137.884905012
1221.37494461	376.098965499
1221.54455066	76.7836918964
1221.71415672	77.0699123948
1221.88376277	97.5434253803
1222.05336883	67.0484738683
1222.22297488	0.0
1222.39258094	72.9607977321
1222.56218699	2.05444904308
1222.73179305	44.0924046963
1222.9013991	42.1174575156
1223.07100515	0.0
1223.24061121	0.0
1223.41021726	51.3230418527
1223.57982332	0.0
1223.74942937	0.0
1223.91903543	0.0
1224.08864148	0.0
1224.25824753	0.0
1224.42785359	0.0
1224.59745964	0.0
1224.7670657	0.0
1224.93667175	0.0
1225.10627781	0.0
1225.27588386	0.0
1225.44548992	0.0
1225.61509597	0.0
1225.78470202	0.0
1225.95430808	0.0
1226.12391413	0.0
1226.29352019	0.0
1226.46312624	0.0
1226.6327323	0.0
1226.80233835	0.0
1226.9719444	0.0
1227.14155046	0.0
1227.31115651	0.0
1227.48076257	0.0
