1210.39244037	0.0
1210.55458264	0.0
1210.7167249	0.0
1210.87886716	0.0
1211.04100943	0.0
1211.20315169	0.0
1211.36529395	0.0
1211.52743622	0.0
1211.68957848	0.0
1211.85172074	0.0
1212.01386301	0.0
1212.17600527	0.0
1212.33814753	0.0
1212.5002898	0.0
1212.66243206	0.0
1212.82457432	0.0
1212.98671659	0.423182939625
1213.14885885	43.5718889042
1213.31100111	106.134888322
1213.47314338	85.0219249787
1213.63528564	119.482782608
1213.7974279	159.534569454
1213.95957017	233.180557352
1214.12171243	171.418937763
1214.28385469	13.9310621402
1214.44599696	32.8561901523
1214.60813922	70.0810359156
1214.77028148	391.465347444
1214.93242375	0.505790809815
1215.09456601	188.930588636
1215.25670827	104.845256061
1215.41885053	248.854235398
1215.5809928	40.3604338153
1215.74313506	10.7638747897
1215.90527732	199.041901473
1216.06741959	120.755513453
1216.22956185	79.3176240993
1216.39170411	635.65083736
1216.55384638	33.188485545
1216.71598864	131.958387374
1216.8781309	567.697908453
1217.04027317	498.332517838
1217.20241543	568.163037269
1217.36455769	476.936416117
1217.52669996	955.370565036
1217.68884222	664.19503593
1217.85098448	785.801269545
1218.01312675	789.10521479
1218.17526901	1120.75718924
1218.33741127	983.226108294
1218.49955354	978.106526867
1218.6616958	1497.58418617
1218.82383806	1485.22558418
1218.98598033	1261.11486342
1219.14812259	1151.45126852
1219.31026485	1375.46082915
1219.47240712	1172.03761909
1219.63454938	1519.86589391
1219.79669164	1631.59491271
1219.95883391	1128.74499004
1220.12097617	957.348331029
1220.28311843	1146.54638118
1220.4452607	1036.37920369
1220.60740296	1379.4755785
1220.76954522	1146.34961906
1220.93168749	815.786030676
1221.09382975	848.570228145
1221.25597201	926.682106446
1221.41811428	803.866391191
1221.58025654	710.098909219
1221.7423988	667.416984936
1221.90454107	464.54226323
1222.06668333	310.478887052
1222.22882559	592.417853927
1222.39096785	240.302191714
1222.55311012	420.309780767
1222.71525238	546.715568858
1222.87739464	248.142688845
1223.03953691	230.023585581
1223.20167917	340.805378074
1223.36382143	276.762744492
1223.5259637	78.3379913338
1223.68810596	51.6284458431
1223.85024822	185.582618564
1224.01239049	212.622705313
1224.17453275	5.18501944312
1224.33667501	86.0769300261
1224.49881728	185.257041327
1224.66095954	131.44972601
1224.8231018	14.0063307365
1224.98524407	0.0
1225.14738633	0.0
1225.30952859	0.0
1225.47167086	0.0
1225.63381312	40.8056535874
1225.79595538	0.0435307707739
1225.95809765	80.5488765614
1226.12023991	0.0
1226.28238217	0.0
1226.44452444	0.0
