1210.6479057	0.0
1210.85880347	0.0
1211.06970124	0.0
1211.28059901	0.0
1211.49149678	0.0
1211.70239455	0.0
1211.91329232	0.0
1212.12419009	0.0
1212.33508786	0.0
1212.54598563	0.0
1212.7568834	0.0
1212.96778117	0.0
1213.17867894	70.3914180466
1213.38957671	0.0
1213.60047448	7.12416983382
1213.81137225	89.8700845296
1214.02227002	0.0
1214.23316779	4.32024153976
1214.44406556	0.0
1214.65496333	0.0
1214.8658611	0.0
1215.07675887	0.0126050561994
1215.28765663	0.0
1215.4985544	0.0
1215.70945217	53.2845231771
1215.92034994	171.270728354
1216.13124771	98.5594048827
1216.34214548	89.538353049
1216.55304325	326.241374467
1216.76394102	458.402554076
1216.97483879	467.940534497
1217.18573656	656.41378077
1217.39663433	1013.89688714
1217.6075321	999.988935852
1217.81842987	901.973330459
1218.02932764	1170.33711073
1218.24022541	1671.37774638
1218.45112318	1436.51417485
1218.66202095	1600.62790981
1218.87291872	1619.17996499
1219.08381649	1517.54772215
1219.29471426	1298.18207645
1219.50561203	1201.79373733
1219.7165098	1465.8634722
1219.92740757	1494.04749615
1220.13830534	1223.3903867
1220.34920311	1177.6122116
1220.56010088	1375.47675084
1220.77099865	1479.48649767
1220.98189642	1327.62295986
1221.19279419	1604.80846218
1221.40369196	1208.5924954
1221.61458973	1121.01405097
1221.8254875	965.429126295
1222.03638527	630.552432343
1222.24728303	729.733714749
1222.4581808	1394.33179673
1222.66907857	732.617923857
1222.87997634	926.052341719
1223.09087411	1150.82047755
1223.30177188	431.608646657
1223.51266965	373.380526388
1223.72356742	306.457065648
1223.93446519	300.863580939
1224.14536296	319.301642441
1224.35626073	241.268146341
1224.5671585	325.812888155
1224.77805627	271.688389334
1224.98895404	327.814952331
1225.19985181	280.669003741
1225.41074958	110.704745541
1225.62164735	209.914298821
1225.83254512	204.244988285
1226.04344289	4.63020367454
1226.25434066	127.93853085
1226.46523843	178.499456277
1226.6761362	8.21250880491
1226.88703397	2.37113465428
1227.09793174	3.04957773766
1227.30882951	77.1177660614
1227.51972728	2.042000434
1227.73062505	0.440803958096
1227.94152282	0.0
1228.15242059	15.9089014649
1228.36331836	0.0
1228.57421613	60.053884081
1228.7851139	32.0581554994
1228.99601166	45.2638524059
1229.20690943	0.0
1229.4178072	0.0
1229.62870497	0.0
1229.83960274	0.0
1230.05050051	0.0
1230.26139828	0.0
1230.47229605	0.0
1230.68319382	0.0
1230.89409159	0.0
1231.10498936	54.8864745082
1231.31588713	0.0
1231.5267849	0.0
