1210.74896477	0.0
1211.04187063	0.0
1211.33477649	0.0
1211.62768234	0.0
1211.9205882	38.2147715791
1212.21349406	0.0
1212.50639991	0.0
1212.79930577	0.0
1213.09221163	87.507266026
1213.38511748	0.0
1213.67802334	21.200009791
1213.9709292	0.0
1214.26383505	0.0
1214.55674091	51.3208261429
1214.84964677	254.418334145
1215.14255262	4.07380356059
1215.43545848	0.0
1215.72836434	122.662330518
1216.02127019	44.9297150774
1216.31417605	286.227371507
1216.60708191	165.202108364
1216.89998776	257.557177056
1217.19289362	194.85206388
1217.48579948	186.455262851
1217.77870533	313.616449905
1218.07161119	554.37016214
1218.36451705	985.516715496
1218.6574229	585.289146582
1218.95032876	1055.24354601
1219.24323461	1058.51519115
1219.53614047	1427.6657821
1219.82904633	1303.54380886
1220.12195218	1254.48841024
1220.41485804	1161.97703856
1220.7077639	1214.87259936
1221.00066975	1398.10300458
1221.29357561	903.045530612
1221.58648147	1389.14791546
1221.87938732	1315.12163655
1222.17229318	1840.14583909
1222.46519904	1499.08765768
1222.75810489	1605.47396249
1223.05101075	1297.34916051
1223.34391661	874.033091378
1223.63682246	1029.49385914
1223.92972832	1186.06694796
1224.22263418	824.853288707
1224.51554003	874.423958534
1224.80844589	781.10118598
1225.10135175	1005.85059763
1225.3942576	1200.76436625
1225.68716346	1264.95680994
1225.98006932	795.082101832
1226.27297517	974.425029135
1226.56588103	439.228604195
1226.85878689	240.846601571
1227.15169274	496.42635183
1227.4445986	452.743653169
1227.73750446	571.711342319
1228.03041031	507.408284807
1228.32331617	685.810750178
1228.61622202	317.240859531
1228.90912788	395.524725308
1229.20203374	426.688584217
1229.49493959	156.745644089
1229.78784545	163.272828602
1230.08075131	285.075690525
1230.37365716	222.692230712
1230.66656302	127.69141516
1230.95946888	45.7129753173
1231.25237473	209.657607159
1231.54528059	96.3311902179
1231.83818645	99.7154815372
1232.1310923	111.138891086
1232.42399816	215.038044321
1232.71690402	196.416619937
1233.00980987	164.57914053
1233.30271573	0.0
1233.59562159	0.0
1233.88852744	84.9171020535
1234.1814333	7.08604629531
1234.47433916	88.9032013845
1234.76724501	0.0
1235.06015087	0.0585924340121
1235.35305673	115.815748259
1235.64596258	0.0
1235.93886844	0.0
1236.2317743	0.0
1236.52468015	56.0663930297
1236.81758601	0.0
1237.11049187	0.0
1237.40339772	0.0
1237.69630358	0.0
1237.98920943	0.0
1238.28211529	0.0
1238.57502115	0.0
1238.867927	0.0
1239.16083286	0.0
1239.45373872	0.0
1239.74664457	0.0
