1210.69226947	0.0
1210.84864557	0.0
1211.00502166	0.0
1211.16139775	0.0
1211.31777385	0.0
1211.47414994	0.0
1211.63052603	0.0
1211.78690212	0.0
1211.94327822	0.0
1212.09965431	0.0
1212.2560304	0.0
1212.4124065	0.0
1212.56878259	0.0
1212.72515868	0.0
1212.88153478	0.0
1213.03791087	0.0
1213.19428696	0.0
1213.35066305	0.0
1213.50703915	0.0
1213.66341524	0.0
1213.81979133	0.0
1213.97616743	1.4046373151
1214.13254352	0.0
1214.28891961	88.9046573811
1214.44529571	3.48819764516
1214.6016718	0.0
1214.75804789	0.0
1214.91442398	0.0
1215.07080008	0.0
1215.22717617	0.0
1215.38355226	0.00393358474336
1215.53992836	37.5225788312
1215.69630445	100.085490203
1215.85268054	305.637181165
1216.00905664	104.431473758
1216.16543273	496.81615335
1216.32180882	901.94259012
1216.47818491	1154.50911458
1216.63456101	1095.00334182
1216.7909371	1687.27708729
1216.94731319	1797.80415599
1217.10368929	1540.60926785
1217.26006538	1569.75519332
1217.41644147	1425.74574374
1217.57281757	1281.59979835
1217.72919366	1908.35629038
1217.88556975	1060.6745689
1218.04194584	2165.5170102
1218.19832194	2069.52341515
1218.35469803	1345.3009203
1218.51107412	1775.84501135
1218.66745022	1941.26392934
1218.82382631	2254.74926731
1218.9802024	1226.92432009
1219.1365785	1851.73908697
1219.29295459	1128.55975635
1219.44933068	1467.56841311
1219.60570677	594.023494789
1219.76208287	1260.64528366
1219.91845896	537.71606528
1220.07483505	693.340338868
1220.23121115	1431.55991302
1220.38758724	434.236555915
1220.54396333	503.149885119
1220.70033943	714.114261257
1220.85671552	398.50284736
1221.01309161	281.304679389
1221.1694677	150.286937501
1221.3258438	215.92103485
1221.48221989	430.422983221
1221.63859598	141.059993439
1221.79497208	469.707810548
1221.95134817	283.200925702
1222.10772426	89.9679706745
1222.26410036	219.363356804
1222.42047645	92.8657334969
1222.57685254	0.0613904937272
1222.73322863	4.16291787616
1222.88960473	7.39602890026
1223.04598082	240.563918113
1223.20235691	32.7189521764
1223.35873301	0.0
1223.5151091	43.1504234695
1223.67148519	0.0
1223.82786129	0.315347860975
1223.98423738	0.0
1224.14061347	179.003830162
1224.29698956	72.9621849101
1224.45336566	0.0
1224.60974175	0.0
1224.76611784	0.0
1224.92249394	0.0
1225.07887003	0.0
1225.23524612	0.0
1225.39162222	0.0
1225.54799831	0.0
1225.7043744	0.0
1225.86075049	0.0
1226.01712659	0.0
1226.17350268	0.0
