1210.68896482	0.0
1210.86133239	0.0
1211.03369996	0.0
1211.20606753	0.0
1211.3784351	0.0
1211.55080267	0.0
1211.72317025	0.0
1211.89553782	0.0
1212.06790539	0.0
1212.24027296	0.0
1212.41264053	0.0
1212.5850081	0.0
1212.75737567	0.0
1212.92974325	0.0
1213.10211082	0.0
1213.27447839	0.0
1213.44684596	0.0
1213.61921353	0.0
1213.7915811	0.0
1213.96394867	0.0
1214.13631625	2.19600294733
1214.30868382	0.0765112358411
1214.48105139	212.622665675
1214.65341896	467.221315508
1214.82578653	1342.00545037
1214.9981541	653.94489645
1215.17052167	1013.84960439
1215.34288925	1356.53203459
1215.51525682	1012.43520247
1215.68762439	1155.90670338
1215.85999196	869.405642737
1216.03235953	868.834644387
1216.2047271	580.744888326
1216.37709467	592.68179545
1216.54946225	672.135736122
1216.72182982	503.951435998
1216.89419739	242.331730596
1217.06656496	518.113194149
1217.23893253	542.254555421
1217.4113001	751.88097119
1217.58366768	1252.69323941
1217.75603525	1451.02863455
1217.92840282	2567.59963196
1218.10077039	2804.19699264
1218.27313796	3745.12275107
1218.44550553	2625.43654342
1218.6178731	2496.89207125
1218.79024068	1280.26994505
1218.96260825	1205.17408456
1219.13497582	968.021053423
1219.30734339	836.901351134
1219.47971096	464.927278442
1219.65207853	243.069639548
1219.8244461	151.418575471
1219.99681368	310.085707296
1220.16918125	226.471040353
1220.34154882	269.398762453
1220.51391639	376.354604824
1220.68628396	294.692161822
1220.85865153	95.3117928426
1221.0310191	137.706997996
1221.20338668	177.903307489
1221.37575425	299.990653602
1221.54812182	136.20971708
1221.72048939	252.72653217
1221.89285696	0.0346220731662
1222.06522453	87.6688452436
1222.2375921	33.5521867361
1222.40995968	83.3316304708
1222.58232725	2.06520050271
1222.75469482	0.0
1222.92706239	29.3334625562
1223.09942996	16.8820034942
1223.27179753	71.2961963507
1223.4441651	0.0
1223.61653268	0.0
1223.78890025	0.0
1223.96126782	0.0
1224.13363539	2.0342643127
1224.30600296	0.0
1224.47837053	0.0
1224.6507381	0.0
1224.82310568	0.0
1224.99547325	0.0
1225.16784082	0.0
1225.34020839	0.0
1225.51257596	0.0
1225.68494353	0.0
1225.85731111	0.0
1226.02967868	0.0
1226.20204625	0.0
1226.37441382	0.0
1226.54678139	0.0
1226.71914896	0.0228441743384
1226.89151653	0.0
1227.06388411	0.0
1227.23625168	0.0
1227.40861925	0.0
1227.58098682	0.0
1227.75335439	0.0
