1210.68979985	0.0
1210.82919676	0.0
1210.96859366	0.0
1211.10799057	0.0
1211.24738747	0.0
1211.38678438	0.0
1211.52618129	0.0
1211.66557819	0.0
1211.8049751	0.0
1211.94437201	0.0
1212.08376891	0.0
1212.22316582	0.0
1212.36256272	0.0
1212.50195963	0.0
1212.64135654	0.0
1212.78075344	0.0
1212.92015035	0.0
1213.05954725	0.0
1213.19894416	0.0
1213.33834107	0.0
1213.47773797	0.0
1213.61713488	0.0
1213.75653179	0.0
1213.89592869	0.0
1214.0353256	0.0
1214.1747225	0.113422083721
1214.31411941	1305.15567507
1214.45351632	1274.71307046
1214.59291322	4223.35155144
1214.73231013	3759.05604624
1214.87170704	1772.08191806
1215.01110394	1203.68593478
1215.15050085	1210.35929653
1215.28989775	1120.55964761
1215.42929466	1278.18596112
1215.56869157	1430.27313023
1215.70808847	1279.99647714
1215.84748538	808.01738781
1215.98688228	593.794953767
1216.12627919	777.336859724
1216.2656761	646.106085435
1216.405073	784.781964266
1216.54446991	427.002209599
1216.68386682	602.003710921
1216.82326372	680.806480296
1216.96266063	310.635098408
1217.10205753	361.305571165
1217.24145444	884.381276193
1217.38085135	924.927559204
1217.52024825	1150.63150125
1217.65964516	756.378806767
1217.79904206	1353.77193103
1217.93843897	1666.63965329
1218.07783588	2100.57071819
1218.21723278	1788.0176315
1218.35662969	1811.96496581
1218.4960266	2044.65175303
1218.6354235	1458.4869633
1218.77482041	552.318188148
1218.91421731	465.832909304
1219.05361422	387.067546308
1219.19301113	246.308511912
1219.33240803	137.931103999
1219.47180494	272.852403882
1219.61120185	29.112562059
1219.75059875	0.0
1219.88999566	141.928971886
1220.02939256	119.703818912
1220.16878947	86.7553267475
1220.30818638	77.3050854034
1220.44758328	18.6800855063
1220.58698019	0.0
1220.72637709	0.0
1220.865774	102.881889068
1221.00517091	92.9250705097
1221.14456781	88.2886512636
1221.28396472	311.17834166
1221.42336163	0.0
1221.56275853	6.96865459382
1221.70215544	51.6042686907
1221.84155234	0.0
1221.98094925	203.832890162
1222.12034616	70.5025934352
1222.25974306	85.0347755073
1222.39913997	0.0
1222.53853687	22.0175440733
1222.67793378	0.0
1222.81733069	54.2102156151
1222.95672759	0.0
1223.0961245	0.0
1223.23552141	0.0
1223.37491831	0.0
1223.51431522	0.0
1223.65371212	0.0
1223.79310903	0.0
1223.93250594	0.0
1224.07190284	0.0
1224.21129975	0.0
1224.35069666	0.0
1224.49009356	0.0
