1210.53460989	0.0
1210.68822138	0.0
1210.84183288	0.0
1210.99544437	0.0
1211.14905587	0.0
1211.30266736	0.0
1211.45627885	0.0
1211.60989035	0.0
1211.76350184	0.0
1211.91711334	0.0
1212.07072483	0.0
1212.22433633	0.0
1212.37794782	0.0
1212.53155931	0.0
1212.68517081	0.0
1212.8387823	0.0
1212.9923938	0.0
1213.14600529	36.8120562386
1213.29961678	202.485248883
1213.45322828	94.8759521992
1213.60683977	123.128399797
1213.76045127	91.5769062848
1213.91406276	21.1135427702
1214.06767425	183.233097312
1214.22128575	153.40370085
1214.37489724	58.9338825286
1214.52850874	240.514454754
1214.68212023	3.8958499301
1214.83573173	275.194353357
1214.98934322	91.0057830385
1215.14295471	252.5475302
1215.29656621	106.863057469
1215.4501777	158.878863866
1215.6037892	0.0
1215.75740069	123.796944969
1215.91101218	402.136273339
1216.06462368	176.572434373
1216.21823517	146.820292534
1216.37184667	148.853332809
1216.52545816	377.924797241
1216.67906966	506.686268131
1216.83268115	849.790918511
1216.98629264	420.872053079
1217.13990414	923.191979171
1217.29351563	801.508531209
1217.44712713	825.908919124
1217.60073862	789.834518484
1217.75435011	1293.77764046
1217.90796161	1437.18370918
1218.0615731	1778.43178961
1218.2151846	1223.60441471
1218.36879609	2047.90042019
1218.52240758	1309.4386029
1218.67601908	2363.37079938
1218.82963057	1429.38226672
1218.98324207	1940.45250342
1219.13685356	1966.33130494
1219.29046506	1287.30295456
1219.44407655	1190.48770476
1219.59768804	1665.29625014
1219.75129954	1465.41717643
1219.90491103	1655.5713069
1220.05852253	989.869286366
1220.21213402	762.016344843
1220.36574551	748.602690762
1220.51935701	1343.89644676
1220.6729685	453.338498233
1220.82658	785.604457619
1220.98019149	698.945476252
1221.13380298	429.131137563
1221.28741448	606.890309079
1221.44102597	507.083744461
1221.59463747	308.193908219
1221.74824896	308.201326656
1221.90186046	241.266217597
1222.05547195	342.684133222
1222.20908344	287.701151525
1222.36269494	123.655852635
1222.51630643	163.060205315
1222.66991793	43.6808485337
1222.82352942	0.0
1222.97714091	0.102068950619
1223.13075241	105.192685532
1223.2843639	81.6535374095
1223.4379754	68.2915865617
1223.59158689	16.8655673659
1223.74519838	0.0
1223.89880988	0.0
1224.05242137	0.0
1224.20603287	162.183682091
1224.35964436	0.0
1224.51325586	0.0
1224.66686735	0.0
1224.82047884	0.0
1224.97409034	0.0
1225.12770183	0.0
1225.28131333	0.0
1225.43492482	0.0
1225.58853631	0.0
1225.74214781	76.5676150681
