1210.73266092	0.0
1211.04183227	0.0
1211.35100362	0.0
1211.66017497	0.0
1211.96934632	0.0
1212.27851767	0.0
1212.58768901	0.0
1212.89686036	0.0
1213.20603171	62.3364202723
1213.51520306	39.4104901864
1213.82437441	7.1786324462
1214.13354576	0.224974550538
1214.44271711	0.0
1214.75188846	120.803028793
1215.06105981	0.00215846985091
1215.37023115	40.9650288257
1215.6794025	262.733327041
1215.98857385	35.3902370867
1216.2977452	216.23203351
1216.60691655	224.094353136
1216.9160879	359.592843632
1217.22525925	479.348764037
1217.5344306	231.468206378
1217.84360195	593.730729835
1218.15277329	950.295829398
1218.46194464	1212.85511428
1218.77111599	1089.46443259
1219.08028734	1865.14277772
1219.38945869	1285.70279396
1219.69863004	1012.00429501
1220.00780139	990.546127358
1220.31697274	1211.29989978
1220.62614409	1307.15653909
1220.93531543	912.563102473
1221.24448678	934.094716463
1221.55365813	1313.52326971
1221.86282948	1842.98008304
1222.17200083	1800.83321018
1222.48117218	1541.19929021
1222.79034353	2117.64038158
1223.09951488	747.219690985
1223.40868623	973.585029076
1223.71785757	1436.37159171
1224.02702892	704.801197771
1224.33620027	1318.50608408
1224.64537162	1122.62092594
1224.95454297	659.796323325
1225.26371432	980.281047902
1225.57288567	936.034649895
1225.88205702	798.252196055
1226.19122837	724.060267499
1226.50039971	648.377369777
1226.80957106	637.312120837
1227.11874241	532.400621036
1227.42791376	479.451832812
1227.73708511	670.431921762
1228.04625646	131.169876312
1228.35542781	289.550316159
1228.66459916	239.318995303
1228.97377051	215.259497427
1229.28294185	344.712442748
1229.5921132	196.989051861
1229.90128455	92.0017243718
1230.2104559	57.4048498176
1230.51962725	116.06357279
1230.8287986	53.7924266761
1231.13796995	202.912391719
1231.4471413	76.8930762703
1231.75631265	0.0
1232.06548399	107.475390247
1232.37465534	0.946840164746
1232.68382669	1.09179708121
1232.99299804	29.5136650224
1233.30216939	11.6439458069
1233.61134074	0.0
1233.92051209	92.3740990033
1234.22968344	41.024479115
1234.53885479	0.0
1234.84802614	0.0
1235.15719748	0.0
1235.46636883	0.0
1235.77554018	0.0
1236.08471153	0.0
1236.39388288	0.0
1236.70305423	0.0
1237.01222558	0.0
1237.32139693	0.0
1237.63056828	0.0
1237.93973962	0.0
1238.24891097	0.0
1238.55808232	0.0
1238.86725367	0.0
1239.17642502	0.0
1239.48559637	0.0
1239.79476772	0.0
1240.10393907	0.0
1240.41311042	0.0
1240.72228176	0.0
1241.03145311	0.0
1241.34062446	0.0
