1210.6888627	0.0
1210.81571038	0.0
1210.94255805	0.0
1211.06940572	0.0
1211.1962534	0.0
1211.32310107	0.0
1211.44994874	0.0
1211.57679642	0.0
1211.70364409	0.0
1211.83049176	0.0
1211.95733943	0.0
1212.08418711	0.0
1212.21103478	0.0
1212.33788245	0.0
1212.46473013	0.0
1212.5915778	0.0
1212.71842547	0.0
1212.84527314	0.0
1212.97212082	0.0
1213.09896849	0.0
1213.22581616	0.0
1213.35266384	0.0
1213.47951151	0.0
1213.60635918	0.0
1213.73320686	0.0
1213.86005453	0.0
1213.9869022	0.0128892828681
1214.11374987	7.60453159186
1214.24059755	6.35061994337
1214.36744522	209.934688796
1214.49429289	118.340174383
1214.62114057	21.8646996184
1214.74798824	8.67210783507
1214.87483591	0.297360982474
1215.00168358	0.0
1215.12853126	51.5828536073
1215.25537893	113.334140924
1215.3822266	8.45825048607
1215.50907428	249.932379748
1215.63592195	159.025919933
1215.76276962	614.550253003
1215.88961729	614.927725697
1216.01646497	1437.00792929
1216.14331264	1308.20608487
1216.27016031	1061.53591422
1216.39700799	2079.10194941
1216.52385566	3272.58596161
1216.65070333	1818.59924338
1216.77755101	2624.75179715
1216.90439868	2278.49831635
1217.03124635	2190.30217775
1217.15809402	2117.39875361
1217.2849417	2792.96486897
1217.41178937	2576.95790724
1217.53863704	2244.3076146
1217.66548472	2564.18908561
1217.79233239	1484.98268174
1217.91918006	2184.95058198
1218.04602773	1458.57020109
1218.17287541	1246.81996534
1218.29972308	1235.112329
1218.42657075	608.833469743
1218.55341843	1450.84512487
1218.6802661	401.575210184
1218.80711377	422.261241297
1218.93396145	333.174929176
1219.06080912	378.979965954
1219.18765679	84.4052399237
1219.31450446	448.600140523
1219.44135214	540.010813135
1219.56819981	267.464336839
1219.69504748	254.267792465
1219.82189516	51.6437569667
1219.94874283	142.068467879
1220.0755905	3.38147378626
1220.20243817	149.243101509
1220.32928585	39.4324260694
1220.45613352	90.1230023849
1220.58298119	0.0
1220.70982887	0.0
1220.83667654	0.0
1220.96352421	0.0
1221.09037189	0.0
1221.21721956	0.0
1221.34406723	0.0
1221.4709149	0.0
1221.59776258	0.0
1221.72461025	0.0
1221.85145792	0.0
1221.9783056	0.0
1222.10515327	0.0
1222.23200094	0.0
1222.35884861	0.0
1222.48569629	0.0
1222.61254396	0.0
1222.73939163	0.0
1222.86623931	0.0
1222.99308698	0.0
1223.11993465	0.0
1223.24678233	0.0
