1210.65898284	0.0
1210.84942286	0.0
1211.03986288	0.0
1211.2303029	0.0
1211.42074292	0.0
1211.61118294	0.0
1211.80162296	0.0
1211.99206299	0.0
1212.18250301	0.0
1212.37294303	0.0
1212.56338305	0.0
1212.75382307	0.0
1212.94426309	54.8840334536
1213.13470311	91.2660836562
1213.32514313	177.450826987
1213.51558315	0.0142087009422
1213.70602318	180.187448183
1213.8964632	16.5538848432
1214.08690322	0.0
1214.27734324	41.9061559827
1214.46778326	0.0
1214.65822328	0.21869191881
1214.8486633	0.0
1215.03910332	0.0
1215.22954335	0.0
1215.41998337	39.0095421324
1215.61042339	91.2861724218
1215.80086341	74.6073272208
1215.99130343	117.120451196
1216.18174345	231.49060816
1216.37218347	296.161961626
1216.56262349	201.457100341
1216.75306351	365.830732276
1216.94350354	406.189557659
1217.13394356	591.091259883
1217.32438358	406.808295295
1217.5148236	949.596797543
1217.70526362	923.575913192
1217.89570364	636.673111799
1218.08614366	1221.2248831
1218.27658368	1575.04842065
1218.46702371	1414.11618964
1218.65746373	1305.73495139
1218.84790375	1581.10220092
1219.03834377	1489.2414908
1219.22878379	1879.6724367
1219.41922381	1677.27296857
1219.60966383	1360.02137003
1219.80010385	1579.40734864
1219.99054387	1590.08023998
1220.1809839	1076.24459701
1220.37142392	1171.70525414
1220.56186394	1630.52897417
1220.75230396	1319.83219701
1220.94274398	1510.47563925
1221.133184	1506.52192653
1221.32362402	1553.61000551
1221.51406404	1110.35979863
1221.70450406	1338.77298831
1221.89494409	903.861961156
1222.08538411	703.195091905
1222.27582413	813.755221747
1222.46626415	960.304800164
1222.65670417	883.585263371
1222.84714419	498.678203718
1223.03758421	350.962848317
1223.22802423	569.109308335
1223.41846426	826.752437743
1223.60890428	618.515432195
1223.7993443	313.934183698
1223.98978432	227.006665351
1224.18022434	264.286818202
1224.37066436	170.970671483
1224.56110438	90.8054450757
1224.7515444	254.67926011
1224.94198442	296.699611271
1225.13242445	253.762316853
1225.32286447	19.1346223403
1225.51330449	42.1893902153
1225.70374451	33.1505440891
1225.89418453	148.90817407
1226.08462455	187.929816726
1226.27506457	2.74555139195
1226.46550459	27.7181980501
1226.65594462	176.854197561
1226.84638464	0.0
1227.03682466	0.0
1227.22726468	22.5702783635
1227.4177047	112.212542498
1227.60814472	0.0
1227.79858474	0.0
1227.98902476	0.0
1228.17946478	0.159323351123
1228.36990481	0.407616980207
1228.56034483	0.0
1228.75078485	0.0
1228.94122487	0.0
1229.13166489	0.0
1229.32210491	0.0
1229.51254493	0.0
