1210.69007149	0.0
1210.81459601	0.0
1210.93912052	0.0
1211.06364503	0.0
1211.18816955	0.0
1211.31269406	0.0
1211.43721858	0.0
1211.56174309	0.0
1211.68626761	0.0
1211.81079212	0.0
1211.93531663	0.0
1212.05984115	0.0
1212.18436566	0.0
1212.30889018	0.0
1212.43341469	0.0
1212.55793921	0.0
1212.68246372	0.0
1212.80698823	0.0
1212.93151275	0.0
1213.05603726	0.0
1213.18056178	0.0
1213.30508629	0.0
1213.4296108	0.0
1213.55413532	0.0
1213.67865983	0.0
1213.80318435	0.0
1213.92770886	0.0
1214.05223338	7.3237971093
1214.17675789	72.2396028093
1214.3012824	210.170017227
1214.42580692	88.7465072099
1214.55033143	0.0
1214.67485595	221.319218444
1214.79938046	182.38925688
1214.92390497	80.3390381597
1215.04842949	245.973019175
1215.172954	307.081768425
1215.29747852	106.606301915
1215.42200303	546.655775816
1215.54652755	664.298297202
1215.67105206	514.697369047
1215.79557657	1059.91911018
1215.92010109	560.746274426
1216.0446256	1025.11099673
1216.16915012	883.049037386
1216.29367463	1406.26636806
1216.41819915	2715.6228763
1216.54272366	3859.0338633
1216.66724817	4018.90687345
1216.79177269	3836.32500628
1216.9162972	4033.90325091
1217.04082172	2704.22486423
1217.16534623	2407.23946536
1217.28987074	1742.73234388
1217.41439526	1253.79342915
1217.53891977	547.68318717
1217.66344429	727.686472505
1217.7879688	1087.90355181
1217.91249332	601.854028674
1218.03701783	368.983192854
1218.16154234	432.307461119
1218.28606686	818.707895001
1218.41059137	198.024222693
1218.53511589	336.661546077
1218.6596404	199.073400755
1218.78416491	555.154472234
1218.90868943	288.426225265
1219.03321394	93.29513949
1219.15773846	129.705179952
1219.28226297	79.0293446943
1219.40678749	74.0463050659
1219.531312	0.0
1219.65583651	109.642418489
1219.78036103	3.79209573499
1219.90488554	0.0
1220.02941006	83.1236754019
1220.15393457	18.010066035
1220.27845909	0.0
1220.4029836	0.0
1220.52750811	0.0
1220.65203263	0.0
1220.77655714	0.0
1220.90108166	0.0
1221.02560617	0.0
1221.15013068	0.0
1221.2746552	0.0
1221.39917971	0.0
1221.52370423	0.0
1221.64822874	0.0
1221.77275326	0.0
1221.89727777	0.0
1222.02180228	0.0
1222.1463268	0.0
1222.27085131	0.0
1222.39537583	0.0
1222.51990034	0.0
1222.64442485	0.0
1222.76894937	0.0
1222.89347388	0.0
1223.0179984	0.0
