1210.68862891	0.0
1210.80368048	0.0
1210.91873205	0.0
1211.03378362	0.0
1211.14883519	0.0
1211.26388676	0.0
1211.37893833	0.0
1211.4939899	0.0
1211.60904147	0.0
1211.72409305	0.0
1211.83914462	0.0
1211.95419619	0.0
1212.06924776	0.0
1212.18429933	0.0
1212.2993509	0.0
1212.41440247	0.0
1212.52945404	0.0
1212.64450561	0.0
1212.75955718	0.0
1212.87460875	0.0
1212.98966032	0.0
1213.10471189	0.0
1213.21976346	0.0
1213.33481503	0.0
1213.4498666	0.0
1213.56491817	50.6188549265
1213.67996974	63.9146967163
1213.79502131	0.0
1213.91007288	29.4142076289
1214.02512445	167.661220761
1214.14017602	366.421768902
1214.25522759	439.988811434
1214.37027917	453.121561371
1214.48533074	260.808104251
1214.60038231	428.040480001
1214.71543388	341.584292983
1214.83048545	6.77637074247
1214.94553702	292.625062526
1215.06058859	33.6080376799
1215.17564016	0.0
1215.29069173	24.123698324
1215.4057433	0.0
1215.52079487	2.29049626026
1215.63584644	56.0890555957
1215.75089801	235.005387248
1215.86594958	237.195231861
1215.98100115	274.242881555
1216.09605272	237.681267249
1216.21110429	910.704273337
1216.32615586	521.099763464
1216.44120743	867.014307614
1216.556259	1787.05305433
1216.67131057	1532.00045624
1216.78636214	2072.63945279
1216.90141371	1878.1258592
1217.01646529	1936.36986134
1217.13151686	2013.37326555
1217.24656843	1599.13243383
1217.36162	1857.70464078
1217.47667157	2219.67461069
1217.59172314	1465.05481114
1217.70677471	1762.19384663
1217.82182628	1504.61133391
1217.93687785	1818.45712213
1218.05192942	1560.96222155
1218.16698099	1702.9281371
1218.28203256	1312.94302384
1218.39708413	1136.12191264
1218.5121357	1581.65000492
1218.62718727	962.74863046
1218.74223884	1237.35773713
1218.85729041	763.873005692
1218.97234198	214.037919219
1219.08739355	254.344852378
1219.20244512	563.762726229
1219.31749669	427.959742969
1219.43254826	143.106702222
1219.54759984	101.231040134
1219.66265141	190.661884811
1219.77770298	43.0716953699
1219.89275455	279.201568867
1220.00780612	80.1009817755
1220.12285769	0.0
1220.23790926	39.9714721963
1220.35296083	31.6154330403
1220.4680124	88.9479228897
1220.58306397	0.0
1220.69811554	0.0
1220.81316711	0.0
1220.92821868	0.0
1221.04327025	0.0
1221.15832182	0.0
1221.27337339	0.0
1221.38842496	0.0
1221.50347653	0.0
1221.6185281	0.0
1221.73357967	0.0
1221.84863124	0.0
1221.96368281	0.0
1222.07873438	0.0
