1210.68960193	0.0
1210.8111368	0.0
1210.93267167	0.0
1211.05420654	0.0
1211.17574141	0.0
1211.29727628	0.0
1211.41881115	0.0
1211.54034602	0.0
1211.66188089	0.0
1211.78341576	0.0
1211.90495063	0.0
1212.02648549	0.0
1212.14802036	0.0
1212.26955523	0.0
1212.3910901	0.0
1212.51262497	0.0
1212.63415984	0.0
1212.75569471	0.0
1212.87722958	0.0
1212.99876445	0.0
1213.12029932	0.0
1213.24183419	0.0
1213.36336906	0.0
1213.48490393	0.0
1213.60643879	0.0
1213.72797366	54.2478943242
1213.84950853	114.597482686
1213.9710434	96.873549561
1214.09257827	37.6169985694
1214.21411314	283.827929232
1214.33564801	176.518778568
1214.45718288	421.640843075
1214.57871775	365.154808211
1214.70025262	170.658978597
1214.82178749	92.6471237071
1214.94332236	60.5293479192
1215.06485722	92.4804754677
1215.18639209	81.7427426215
1215.30792696	0.0
1215.42946183	0.0
1215.5509967	104.087480522
1215.67253157	41.6133501395
1215.79406644	312.29910986
1215.91560131	96.0618591251
1216.03713618	283.41866493
1216.15867105	237.161310899
1216.28020592	399.232241703
1216.40174079	862.458042426
1216.52327565	568.12117878
1216.64481052	1166.85286325
1216.76634539	1011.94879642
1216.88788026	803.41202129
1217.00941513	1681.37855924
1217.13095	1704.60020419
1217.25248487	1841.24500096
1217.37401974	1349.70668262
1217.49555461	1799.97932616
1217.61708948	1699.4315601
1217.73862435	2176.74861218
1217.86015922	1778.50391067
1217.98169409	1659.5964985
1218.10322895	1426.56561802
1218.22476382	1988.64688105
1218.34629869	1741.51530978
1218.46783356	1239.30750566
1218.58936843	1023.88335723
1218.7109033	906.222386836
1218.83243817	1370.17903344
1218.95397304	907.871719301
1219.07550791	774.089617204
1219.19704278	221.162138949
1219.31857765	358.696793603
1219.44011252	396.869918844
1219.56164738	331.63484748
1219.68318225	186.072697149
1219.80471712	105.539666397
1219.92625199	474.639739648
1220.04778686	439.670962079
1220.16932173	115.59667048
1220.2908566	200.698393345
1220.41239147	205.774201559
1220.53392634	0.00986558672594
1220.65546121	10.0787316396
1220.77699608	65.072059578
1220.89853095	44.6064187061
1221.02006582	0.0
1221.14160068	2.47116506509
1221.26313555	0.0
1221.38467042	0.0
1221.50620529	0.0
1221.62774016	24.3728945724
1221.74927503	0.0
1221.8708099	0.0
1221.99234477	0.0
1222.11387964	0.0
1222.23541451	0.0
1222.35694938	0.0
1222.47848425	0.0
1222.60001911	0.0
1222.72155398	0.0
