1210.68908743	0.0
1210.83998232	0.0
1210.9908772	0.0
1211.14177209	0.0
1211.29266698	0.0
1211.44356187	0.0
1211.59445675	0.0
1211.74535164	0.0
1211.89624653	0.0
1212.04714142	0.0
1212.1980363	0.0
1212.34893119	0.0
1212.49982608	0.0
1212.65072097	0.0
1212.80161585	0.0
1212.95251074	0.0
1213.10340563	0.0
1213.25430052	0.0
1213.4051954	0.0
1213.55609029	0.0
1213.70698518	106.829379002
1213.85788006	0.0
1214.00877495	13.2395172044
1214.15966984	0.0
1214.31056473	0.0
1214.46145961	105.502968116
1214.6123545	443.485861856
1214.76324939	415.041442664
1214.91414428	1003.79135307
1215.06503916	639.729251002
1215.21593405	1053.18174116
1215.36682894	879.785152882
1215.51772383	658.19698588
1215.66861871	1055.00457299
1215.8195136	850.357999027
1215.97040849	870.11141426
1216.12130338	968.675720068
1216.27219826	378.902157213
1216.42309315	563.961693105
1216.57398804	1146.95049851
1216.72488292	1218.56717443
1216.87577781	1552.36104544
1217.0266727	2045.04839677
1217.17756759	3127.52735345
1217.32846247	3149.15381625
1217.47935736	4605.86341393
1217.63025225	3561.87006039
1217.78114714	3900.72740459
1217.93204202	1651.41979962
1218.08293691	1310.41339682
1218.2338318	829.196539427
1218.38472669	726.046196736
1218.53562157	475.994284591
1218.68651646	698.329197679
1218.83741135	1008.63425006
1218.98830624	745.243300352
1219.13920112	588.240047898
1219.29009601	642.267893643
1219.4409909	260.381185777
1219.59188578	577.27511566
1219.74278067	748.631455197
1219.89367556	522.920661396
1220.04457045	252.238072687
1220.19546533	266.962225355
1220.34636022	214.221429229
1220.49725511	320.473121536
1220.64815	173.313790268
1220.79904488	105.043688663
1220.94993977	52.7005353956
1221.10083466	17.7756212051
1221.25172955	115.017935383
1221.40262443	26.1785177947
1221.55351932	34.2249391439
1221.70441421	104.622650266
1221.8553091	15.9644158604
1222.00620398	76.5171278647
1222.15709887	0.0
1222.30799376	0.0
1222.45888865	1.11259360432
1222.60978353	0.0
1222.76067842	87.9219781782
1222.91157331	0.0
1223.06246819	0.0
1223.21336308	0.0
1223.36425797	0.0
1223.51515286	0.0
1223.66604774	0.0
1223.81694263	0.0
1223.96783752	0.0
1224.11873241	0.0
1224.26962729	0.0
1224.42052218	0.0
1224.57141707	0.0
1224.72231196	0.0
1224.87320684	0.0
1225.02410173	0.0
1225.17499662	0.0
1225.32589151	0.0
1225.47678639	0.0
1225.62768128	0.0
