1210.50625939	0.0
1210.7343907	0.0
1210.96252201	0.0
1211.19065332	0.0
1211.41878463	0.0
1211.64691594	0.0
1211.87504725	0.0
1212.10317856	0.0
1212.33130986	0.0
1212.55944117	0.0
1212.78757248	0.0
1213.01570379	0.0
1213.2438351	59.2119599413
1213.47196641	0.877281736565
1213.70009772	2.90524645713
1213.92822902	35.3065228226
1214.15636033	39.8561739824
1214.38449164	91.5754866149
1214.61262295	0.0
1214.84075426	0.0
1215.06888557	0.230110767016
1215.29701688	0.0
1215.52514819	17.4352708314
1215.75327949	3.70981671952
1215.9814108	92.1366063324
1216.20954211	132.47155777
1216.43767342	184.732343597
1216.66580473	206.300454591
1216.89393604	284.051921456
1217.12206735	393.304645067
1217.35019865	225.961297243
1217.57832996	828.666672426
1217.80646127	1011.54718988
1218.03459258	821.569102181
1218.26272389	1242.16143002
1218.4908552	1626.07355154
1218.71898651	860.816929162
1218.94711782	1529.51354057
1219.17524912	1271.35331968
1219.40338043	892.540422689
1219.63151174	1738.17068964
1219.85964305	1097.83148912
1220.08777436	1193.42826125
1220.31590567	2039.62223437
1220.54403698	1356.61954481
1220.77216829	1738.91299673
1221.00029959	1450.1925823
1221.2284309	1559.5423219
1221.45656221	1333.00806846
1221.68469352	1693.90648188
1221.91282483	1203.16852378
1222.14095614	1116.50541767
1222.36908745	1725.40009524
1222.59721875	1073.32623947
1222.82535006	1251.21785522
1223.05348137	724.995064632
1223.28161268	1109.39455224
1223.50974399	1347.60191733
1223.7378753	507.298544543
1223.96600661	417.307863161
1224.19413792	838.58436652
1224.42226922	311.809727232
1224.65040053	549.944153795
1224.87853184	321.203975419
1225.10666315	237.543946035
1225.33479446	182.510659504
1225.56292577	333.939938681
1225.79105708	169.449926007
1226.01918838	47.9031800933
1226.24731969	22.8166738708
1226.475451	0.456408323007
1226.70358231	123.800093429
1226.93171362	0.0
1227.15984493	30.2814789174
1227.38797624	134.216559994
1227.61610755	2.09705177606
1227.84423885	0.0282814836828
1228.07237016	0.0
1228.30050147	70.649422904
1228.52863278	0.0
1228.75676409	0.0
1228.9848954	0.0
1229.21302671	0.0
1229.44115802	0.0
1229.66928932	0.0
1229.89742063	0.0
1230.12555194	0.0
1230.35368325	0.0
1230.58181456	0.0
1230.80994587	2.31870274459
1231.03807718	0.0
1231.26620848	0.0
1231.49433979	0.0
1231.7224711	0.0
1231.95060241	0.0
1232.17873372	0.0
1232.40686503	0.0
1232.63499634	0.0
1232.86312765	0.0
1233.09125895	0.0
