1210.6889179	0.0
1210.84364478	0.0
1210.99837167	0.0
1211.15309855	0.0
1211.30782544	0.0
1211.46255232	0.0
1211.61727921	0.0
1211.77200609	0.0
1211.92673298	0.0
1212.08145986	0.0
1212.23618675	0.0
1212.39091363	0.0
1212.54564052	0.0
1212.7003674	0.0
1212.85509428	0.0
1213.00982117	0.0
1213.16454805	0.0
1213.31927494	0.0
1213.47400182	0.0
1213.62872871	84.960837763
1213.78345559	0.0
1213.93818248	66.5444038025
1214.09290936	79.7787254221
1214.24763625	0.0
1214.40236313	0.0
1214.55709001	32.5966545926
1214.7118169	235.308588784
1214.86654378	989.366528804
1215.02127067	431.269681199
1215.17599755	952.158347062
1215.33072444	826.082348897
1215.48545132	527.212049083
1215.64017821	309.240668513
1215.79490509	482.430615245
1215.94963198	400.549317191
1216.10435886	372.904851758
1216.25908574	709.468009465
1216.41381263	640.062792762
1216.56853951	621.286794961
1216.7232664	1032.90758197
1216.87799328	1351.02139383
1217.03272017	1886.97305576
1217.18744705	2677.62528036
1217.34217394	4299.79611458
1217.49690082	3944.29805214
1217.65162771	4631.12755792
1217.80635459	2612.88565351
1217.96108147	2016.13842468
1218.11580836	1110.53852722
1218.27053524	1194.52604329
1218.42526213	767.686765105
1218.57998901	592.779595148
1218.7347159	878.075467136
1218.88944278	1027.57221589
1219.04416967	577.6098065
1219.19889655	519.158048851
1219.35362344	634.230221467
1219.50835032	303.211028523
1219.66307721	286.014196909
1219.81780409	404.342119667
1219.97253097	234.304719386
1220.12725786	364.9028004
1220.28198474	422.430043856
1220.43671163	362.696252208
1220.59143851	125.147319098
1220.7461654	41.2003251312
1220.90089228	199.443294592
1221.05561917	145.932757689
1221.21034605	50.2476486962
1221.36507294	0.0268515970602
1221.51979982	89.8292204374
1221.6745267	147.99062796
1221.82925359	0.0
1221.98398047	64.2292064596
1222.13870736	1.91344736804
1222.29343424	12.9979057742
1222.44816113	0.0
1222.60288801	89.8321026669
1222.7576149	10.8030067285
1222.91234178	0.0
1223.06706867	18.8430183804
1223.22179555	0.0
1223.37652243	0.0
1223.53124932	0.0
1223.6859762	0.0
1223.84070309	0.0
1223.99542997	0.0
1224.15015686	0.0
1224.30488374	0.0
1224.45961063	0.0
1224.61433751	0.0
1224.7690644	0.0
1224.92379128	0.0
1225.07851816	0.0
1225.23324505	0.0
1225.38797193	0.0
1225.54269882	0.0
1225.6974257	0.0
1225.85215259	0.0
1226.00687947	0.0
