1210.68842824	0.0
1210.85078155	0.0
1211.01313487	0.0
1211.17548818	0.0
1211.3378415	0.0
1211.50019481	0.0
1211.66254812	0.0
1211.82490144	0.0
1211.98725475	0.0
1212.14960807	0.0
1212.31196138	0.0
1212.4743147	0.0
1212.63666801	0.0
1212.79902133	0.0
1212.96137464	0.0
1213.12372796	0.0
1213.28608127	0.0
1213.44843459	0.0
1213.6107879	6.8405894318
1213.77314122	0.0
1213.93549453	0.0
1214.09784785	62.9225435618
1214.26020116	0.0
1214.42255448	0.0
1214.58490779	79.9216467855
1214.74726111	22.6300985087
1214.90961442	120.921871511
1215.07196774	242.117690385
1215.23432105	184.764098997
1215.39667437	144.166263006
1215.55902768	334.817268343
1215.721381	267.593909615
1215.88373431	467.52052726
1216.04608763	671.325394453
1216.20844094	279.200805876
1216.37079426	321.909280916
1216.53314757	522.099784144
1216.69550089	838.639436515
1216.8578542	997.449326226
1217.02020752	1238.55933944
1217.18256083	2075.1504703
1217.34491415	2584.58588945
1217.50726746	2917.28503115
1217.66962078	2952.18653161
1217.83197409	2564.99750104
1217.99432741	1391.50648085
1218.15668072	1332.35383276
1218.31903404	1289.25700399
1218.48138735	1056.99050772
1218.64374067	1262.66240182
1218.80609398	658.596291218
1218.9684473	838.210825195
1219.13080061	927.183714865
1219.29315393	593.01731245
1219.45550724	844.558306966
1219.61786056	847.703912488
1219.78021387	666.361985816
1219.94256719	845.185060755
1220.1049205	700.111429464
1220.26727382	660.20453136
1220.42962713	609.185581382
1220.59198044	709.013133152
1220.75433376	629.444044397
1220.91668707	339.962649874
1221.07904039	102.760440155
1221.2413937	192.135467111
1221.40374702	309.172172988
1221.56610033	121.013092174
1221.72845365	2.72145755079
1221.89080696	95.7896925815
1222.05316028	173.187178968
1222.21551359	165.640536505
1222.37786691	43.9355066031
1222.54022022	0.0
1222.70257354	89.7547077394
1222.86492685	0.0
1223.02728017	0.0
1223.18963348	40.2830229267
1223.3519868	27.5740366465
1223.51434011	117.597577962
1223.67669343	12.2278528995
1223.83904674	0.106396484662
1224.00140006	0.0
1224.16375337	85.9350129766
1224.32610669	0.0
1224.48846	0.0
1224.65081332	0.0
1224.81316663	0.0
1224.97551995	0.0
1225.13787326	0.0
1225.30022658	0.0
1225.46257989	0.0
1225.62493321	0.0
1225.78728652	0.0
1225.94963984	0.0
1226.11199315	0.0
1226.27434647	0.0
1226.43669978	0.0
1226.5990531	0.0
1226.76140641	0.0
