1210.69114426	0.0
1210.88385712	0.0
1211.07656998	0.0
1211.26928284	0.0
1211.46199569	0.0
1211.65470855	0.0
1211.84742141	0.0
1212.04013427	0.0
1212.23284712	0.0
1212.42555998	0.0
1212.61827284	0.0
1212.8109857	0.0
1213.00369855	0.0
1213.19641141	0.0
1213.38912427	0.0
1213.58183712	0.0
1213.77454998	0.0
1213.96726284	0.0
1214.1599757	0.0
1214.35268855	0.0
1214.54540141	65.8979291183
1214.73811427	105.371903471
1214.93082713	1.22560293554
1215.12353998	193.269225499
1215.31625284	508.062249448
1215.5089657	570.727170125
1215.70167856	238.276323299
1215.89439141	636.408760666
1216.08710427	580.945169262
1216.27981713	613.049142815
1216.47252999	750.926412541
1216.66524284	592.675300744
1216.8579557	411.186735512
1217.05066856	407.070829911
1217.24338142	873.827691641
1217.43609427	1060.39348925
1217.62880713	1661.34108015
1217.82151999	1491.90420142
1218.01423284	2200.42948716
1218.2069457	3344.56456569
1218.39965856	2742.50850635
1218.59237142	2736.53441112
1218.78508427	2512.31123273
1218.97779713	1171.39024925
1219.17050999	930.383156344
1219.36322285	892.751565645
1219.5559357	1330.41866098
1219.74864856	661.312269768
1219.94136142	995.640868165
1220.13407428	715.445790204
1220.32678713	682.599960313
1220.51949999	1000.29648788
1220.71221285	751.619673521
1220.90492571	952.482946733
1221.09763856	700.714218467
1221.29035142	841.614851539
1221.48306428	856.071299339
1221.67577714	688.805016398
1221.86848999	1041.57244473
1222.06120285	293.991746269
1222.25391571	460.096950744
1222.44662857	383.882126105
1222.63934142	391.190484143
1222.83205428	142.049087348
1223.02476714	190.870774245
1223.21747999	137.642795189
1223.41019285	186.350696264
1223.60290571	120.096283822
1223.79561857	26.697262744
1223.98833142	12.2540793328
1224.18104428	52.6064630279
1224.37375714	105.350845032
1224.56647	74.9646730358
1224.75918285	0.118788619526
1224.95189571	210.765496679
1225.14460857	6.16551073876
1225.33732143	5.47932489728
1225.53003428	128.381649438
1225.72274714	0.0
1225.91546	0.0
1226.10817286	0.0
1226.30088571	39.6016643931
1226.49359857	0.0
1226.68631143	0.0
1226.87902429	0.0293982448784
1227.07173714	0.0
1227.26445	1.27113451005
1227.45716286	0.0
1227.64987571	0.0
1227.84258857	0.0
1228.03530143	0.0
1228.22801429	85.928214847
1228.42072714	0.0
1228.61344	0.0
1228.80615286	0.0
1228.99886572	0.0
1229.19157857	0.0
1229.38429143	0.0
1229.57700429	0.0
1229.76971715	0.0
