1210.68910675	0.0
1210.81747356	0.0
1210.94584037	0.0
1211.07420717	0.0
1211.20257398	0.0
1211.33094079	0.0
1211.4593076	0.0
1211.58767441	0.0
1211.71604122	0.0
1211.84440803	0.0
1211.97277484	0.0
1212.10114164	0.0
1212.22950845	0.0
1212.35787526	0.0
1212.48624207	0.0
1212.61460888	0.0
1212.74297569	0.0
1212.8713425	0.0
1212.9997093	0.0
1213.12807611	0.0
1213.25644292	0.0
1213.38480973	0.0
1213.51317654	0.0
1213.64154335	0.0
1213.76991016	58.0637520999
1213.89827696	0.0
1214.02664377	5.90576734971
1214.15501058	0.0
1214.28337739	0.0
1214.4117442	55.7526807508
1214.54011101	539.633610913
1214.66847782	3458.68462478
1214.79684463	1289.26525708
1214.92521143	1627.01298561
1215.05357824	1239.185577
1215.18194505	1351.78198002
1215.31031186	1089.79604286
1215.43867867	1311.81878021
1215.56704548	1155.36885059
1215.69541229	1191.78533682
1215.82377909	924.488474242
1215.9521459	514.947646166
1216.08051271	436.736950495
1216.20887952	521.487055606
1216.33724633	559.565980988
1216.46561314	826.205849276
1216.59397995	685.482331749
1216.72234676	1756.14807687
1216.85071356	1096.55504154
1216.97908037	1598.84259354
1217.10744718	1439.04214257
1217.23581399	2715.16857867
1217.3641808	3202.38362869
1217.49254761	2709.77010209
1217.62091442	2443.4765629
1217.74928122	1451.35032722
1217.87764803	1554.94056845
1218.00601484	621.963361264
1218.13438165	351.08792472
1218.26274846	228.384341835
1218.39111527	88.6516095825
1218.51948208	209.11324786
1218.64784888	182.057293461
1218.77621569	319.866731883
1218.9045825	92.2019660193
1219.03294931	11.9300793354
1219.16131612	23.3133950235
1219.28968293	254.541787262
1219.41804974	47.6499118866
1219.54641655	214.994751633
1219.67478335	30.0298669093
1219.80315016	73.0058080147
1219.93151697	79.2385123515
1220.05988378	95.6669959875
1220.18825059	1.14228636736
1220.3166174	71.6105906497
1220.44498421	6.49243715169
1220.57335101	105.206203621
1220.70171782	77.915265042
1220.83008463	0.0
1220.95845144	0.0
1221.08681825	0.0
1221.21518506	0.0
1221.34355187	0.0
1221.47191867	0.0
1221.60028548	0.0
1221.72865229	0.0
1221.8570191	0.0
1221.98538591	0.0
1222.11375272	0.0
1222.24211953	0.0
1222.37048634	0.0
1222.49885314	0.0
1222.62721995	0.0
1222.75558676	0.0
1222.88395357	0.0
1223.01232038	0.0
1223.14068719	0.0
1223.269054	0.0
1223.3974208	0.0
