1210.61464279	0.0
1210.78867518	0.0
1210.96270756	0.0
1211.13673995	0.0
1211.31077233	0.0
1211.48480472	0.0
1211.6588371	0.0
1211.83286949	0.0
1212.00690188	0.0
1212.18093426	0.0
1212.35496665	0.0
1212.52899903	0.0
1212.70303142	0.0
1212.8770638	0.0
1213.05109619	0.0
1213.22512857	0.0
1213.39916096	0.0
1213.57319335	64.4676491673
1213.74722573	0.0
1213.92125812	49.4062486625
1214.0952905	0.0
1214.26932289	0.0
1214.44335527	0.0
1214.61738766	0.0
1214.79142004	0.0481964492656
1214.96545243	0.0
1215.13948482	0.0
1215.3135172	86.7244069707
1215.48754959	0.285396084147
1215.66158197	212.808028428
1215.83561436	99.3774985696
1216.00964674	198.124122394
1216.18367913	487.529885424
1216.35771151	394.083936347
1216.5317439	1050.52618862
1216.70577628	1255.09643044
1216.87980867	1049.35001021
1217.05384106	1788.97570755
1217.22787344	1023.54320224
1217.40190583	1477.73641528
1217.57593821	1160.80247373
1217.7499706	1784.07562572
1217.92400298	1390.83291767
1218.09803537	1771.75960046
1218.27206775	1199.94266044
1218.44610014	1923.76685529
1218.62013253	1927.83391882
1218.79416491	1547.88481973
1218.9681973	2024.10794158
1219.14222968	1741.96254732
1219.31626207	1688.80715775
1219.49029445	1376.77051707
1219.66432684	1547.54395574
1219.83835922	829.493340022
1220.01239161	1335.77175773
1220.186424	1018.2039866
1220.36045638	1303.08379481
1220.53448877	1045.74911034
1220.70852115	583.369284662
1220.88255354	930.447021179
1221.05658592	759.147631726
1221.23061831	1110.2909111
1221.40465069	1009.53446883
1221.57868308	507.864212153
1221.75271546	564.815533643
1221.92674785	178.046194921
1222.10078024	115.709299159
1222.27481262	377.392817084
1222.44884501	329.361733662
1222.62287739	259.972961068
1222.79690978	31.0252653744
1222.97094216	349.279013405
1223.14497455	20.0071541068
1223.31900693	132.628101297
1223.49303932	104.207877613
1223.66707171	170.299854629
1223.84110409	75.6624578036
1224.01513648	95.0986795758
1224.18916886	119.761573884
1224.36320125	0.0
1224.53723363	0.0
1224.71126602	0.0
1224.8852984	0.0134462499118
1225.05933079	24.7630737489
1225.23336318	0.0
1225.40739556	0.0
1225.58142795	0.0
1225.75546033	0.286142218698
1225.92949272	0.0
1226.1035251	0.0
1226.27755749	0.0
1226.45158987	0.0
1226.62562226	0.0
1226.79965464	0.0
1226.97368703	0.0
1227.14771942	0.0
1227.3217518	0.0
1227.49578419	0.0
1227.66981657	0.0
1227.84384896	0.0
