# Graph from LARS07, page 1
11139.4	-2.000	0.0000000	0.0000000	+0.0000000	+0.0000000
11191.4	0.1853	0.0000000	0.0000000	+0.0000000	+0.0000000
11196.9	0.4745	0.0000000	0.0000000	+0.0000000	+0.0000000
11199.7	0.7796	0.0000000	0.0000000	+0.0000000	+0.0000000
11205.1	0.5391	0.0000000	0.0000000	+0.0000000	+0.0000000
11209.5	0.7319	0.0000000	0.0000000	+0.0000000	+0.0000000
11213.3	0.9086	0.0000000	0.0000000	+0.0000000	+0.0000000
11215.0	1.069	0.0000000	0.0000000	+0.0000000	+0.0000000
11217.7	1.037	0.0000000	0.0000000	+0.0000000	+0.0000000
11219.9	1.422	0.0000000	0.0000000	+0.0000000	+0.0000000
11221.6	0.8930	0.0000000	0.0000000	+0.0000000	+0.0000000
11223.8	1.149	0.0000000	0.0000000	+0.0000000	+0.0000000
11224.8	1.808	0.0000000	0.0000000	+0.0000000	+0.0000000
11225.4	1.406	0.0000000	58.6098	+0.0000000	+0.0000000
11227.6	1.374	0.0000000	0.0000000	+0.0000000	+0.0000000
11229.8	1.455	0.0000000	0.0000000	+0.0000000	+3.09791
11232.0	1.423	0.0000000	0.0000000	+0.0000000	+0.0000000
11235.3	1.391	0.0000000	0.0000000	+0.0000000	+0.0000000
11235.8	1.615	0.0000000	0.0000000	+0.0000000	+0.0000000
11238.5	1.921	0.0000000	0.0000000	+0.0000000	+0.0000000
11244.0	2.001	0.0000000	0.0000000	+0.0000000	+0.0000000
11246.2	1.616	0.0000000	0.0000000	+0.0000000	+0.0000000
11247.9	1.423	0.0000000	0.0000000	+0.0000000	+0.0000000
11250.6	1.199	0.0000000	0.0000000	+0.0000000	+0.0000000
11252.8	1.408	0.0000000	0.0000000	+0.0000000	+0.0000000
11254.4	1.616	0.0000000	0.0000000	+0.0000000	+0.0000000
11256.6	1.440	0.0000000	0.0000000	+0.0000000	+0.0000000
11257.7	1.633	0.0000000	0.0000000	+0.0000000	+0.0000000
11257.7	1.809	0.0000000	0.0000000	+0.0000000	+0.0000000
11259.9	1.970	0.0000000	0.0000000	+0.0000000	+0.0000000
11259.9	2.275	0.0000000	0.0000000	+0.0000000	+0.0000000
11261.5	2.516	0.0000000	0.0000000	+0.0000000	+0.0000000
11263.2	2.259	0.0000000	0.0000000	+0.0000000	+0.0000000
11265.4	2.066	0.0000000	0.0000000	+0.0000000	+0.0000000
11265.9	1.858	0.0000000	0.0000000	+0.0000000	+0.0000000
11267.6	1.745	0.0000000	0.0000000	+0.0000000	+0.0000000
11270.9	1.553	0.0000000	0.0000000	+0.0000000	+0.0000000
11271.4	1.810	0.0000000	0.0000000	+0.0000000	+0.0000000
11272.5	1.954	0.0000000	0.0000000	+0.0000000	+0.0000000
11274.1	2.115	0.0000000	153.919	+0.0000000	+0.0000000
11275.2	2.163	0.0000000	0.0000000	+0.0000000	+0.0000000
11276.3	2.324	0.0000000	0.0000000	+0.0000000	+0.0000000
11278.0	2.452	0.0000000	0.0000000	+0.0000000	+0.0000000
11279.1	2.645	0.0000000	0.0000000	+0.0000000	+0.0000000
11281.3	2.837	0.0000000	0.0000000	+0.0000000	+0.0000000
11281.8	2.516	0.0000000	0.0000000	+0.0000000	+0.0000000
11284.0	2.083	0.0000000	0.0000000	+0.0000000	+0.0000000
11286.2	1.907	0.0000000	0.0000000	+0.0000000	+0.0000000
11287.8	2.292	0.0000000	0.0000000	+0.0000000	+0.0000000
11287.8	2.677	0.0000000	0.0000000	+0.0000000	+0.0000000
11288.9	3.127	0.0000000	0.0000000	+0.0000000	+0.0000000
11288.9	2.998	0.0000000	0.0000000	+0.0000000	+0.0000000
11290.6	3.319	0.0000000	0.0000000	+0.0000000	+0.0000000
11291.1	3.624	0.0000000	0.0000000	+0.0000000	+0.0000000
11293.3	3.817	0.0000000	0.0000000	+0.0000000	+0.0000000
11295.5	4.026	0.0000000	0.0000000	+0.0000000	+0.0000000
11296.1	4.170	0.0000000	0.0000000	+0.0000000	+0.0000000
11297.1	4.427	0.0000000	0.0000000	+0.0000000	+0.0000000
11297.7	4.652	0.0000000	0.0000000	+0.0000000	+0.0000000
11301.5	4.572	0.0000000	0.0000000	+0.0000000	+0.0000000
11304.8	5.070	0.0000000	0.0000000	+0.0000000	+0.0000000
11304.8	5.246	0.0000000	0.0000000	+0.0000000	+0.0000000
11304.8	4.765	0.0000000	0.0000000	+0.0000000	+0.0000000
11304.8	4.540	0.0000000	0.0000000	+0.0000000	+0.0000000
11305.4	5.407	0.0000000	0.0000000	+0.0000000	+0.0000000
11306.5	5.551	0.0000000	0.0000000	+0.0000000	+0.0000000
11307.0	5.969	0.0000000	0.0000000	+0.0000000	+0.0000000
11307.0	5.792	0.0000000	151.728	+0.0000000	+0.0000000
11309.2	5.776	0.0000000	0.0000000	+0.0000000	+0.0000000
11311.9	5.600	0.0000000	0.0000000	+0.0000000	+0.0000000
11311.9	5.407	0.0000000	0.0000000	+0.0000000	+0.0000000
11314.7	5.199	0.0000000	0.0000000	+0.0000000	+0.0000000
11314.7	5.086	0.0000000	0.0000000	+0.0000000	+0.0000000
11317.4	4.813	0.0000000	0.0000000	+0.0000000	+0.0000000
11317.4	4.910	0.0000000	153.371	+0.0000000	+0.0000000
11319.6	4.942	0.0000000	0.0000000	+0.0000000	+0.0000000
11320.7	5.103	0.0000000	0.0000000	+0.0000000	+0.0000000
11323.4	5.247	0.0000000	0.0000000	+0.0000000	+0.0000000
11325.6	4.878	0.0000000	0.0000000	+0.0000000	+0.0000000
11325.6	4.750	0.0000000	0.0000000	+0.0000000	+0.0000000
11325.6	5.071	0.0000000	0.0000000	+0.0000000	+0.0000000
11330.6	4.381	0.0000000	0.0000000	+0.0000000	+0.0000000
11333.8	4.830	0.0000000	0.0000000	+0.0000000	+0.0000000
11333.8	4.638	0.0000000	0.0000000	+0.0000000	+0.0000000
11336.6	4.734	0.0000000	0.0000000	+0.0000000	+0.0000000
11337.1	4.429	0.0000000	0.0000000	+0.0000000	+0.0000000
11338.2	4.606	0.0000000	0.0000000	+0.0000000	+0.0000000
11339.3	4.301	0.0000000	0.0000000	+0.0000000	+0.0000000
11341.5	4.189	0.0000000	0.0000000	+0.0000000	+0.0000000
11342.1	4.028	0.0000000	0.0000000	+0.0000000	+0.0000000
11343.2	3.835	0.0000000	0.0000000	+0.0000000	+0.0000000
11343.7	3.707	0.0000000	0.0000000	+0.0000000	+0.0000000
11344.3	3.611	0.0000000	0.0000000	+0.0000000	+0.0000000
11345.9	3.322	0.0000000	0.0000000	+0.0000000	+0.0000000
11347.5	3.194	0.0000000	0.0000000	+0.0000000	+0.0000000
11349.7	3.065	0.0000000	0.0000000	+0.0000000	+0.0000000
11352.5	2.873	0.0000000	0.0000000	+0.0000000	+0.0000000
11355.2	2.728	0.0000000	120.506	+0.0000000	+0.0000000
11356.3	2.680	0.0000000	0.0000000	+0.0000000	+0.0000000
11360.1	2.745	0.0000000	0.0000000	+0.0000000	+0.0000000
11361.2	3.162	0.0000000	0.0000000	+0.0000000	+0.0000000
11361.2	2.986	0.0000000	0.0000000	+0.0000000	+0.0000000
11363.4	2.905	0.0000000	0.0000000	+0.0000000	+0.0000000
11364.0	2.729	0.0000000	0.0000000	+0.0000000	+0.0000000
11364.0	2.600	0.0000000	0.0000000	+0.0000000	+0.0000000
11366.7	2.344	0.0000000	0.0000000	+0.0000000	+0.0000000
11367.3	2.103	0.0000000	0.0000000	+0.0000000	+0.0000000
11369.4	2.360	0.0000000	0.0000000	+0.0000000	+0.0000000
11371.1	2.119	0.0000000	0.0000000	+0.0000000	+0.0000000
11372.2	1.959	0.0000000	0.0000000	+0.0000000	+0.0000000
11374.9	2.152	0.0000000	0.0000000	+0.0000000	+0.0000000
11377.1	2.023	0.0000000	0.0000000	+0.0000000	+0.0000000
11378.2	1.750	0.0000000	0.0000000	+0.0000000	+0.0000000
11380.4	1.510	0.0000000	0.0000000	+0.0000000	+0.0000000
11383.1	1.205	0.0000000	0.0000000	+0.0000000	+0.0000000
11385.9	0.9647	0.0000000	0.0000000	+0.0000000	+0.0000000
11390.3	1.189	0.0000000	0.0000000	+0.0000000	+0.0000000
11393.5	0.8527	0.0000000	0.0000000	+0.0000000	+0.0000000
11397.4	0.6442	0.0000000	0.0000000	+0.0000000	+0.0000000
11401.8	0.4999	0.0000000	0.0000000	+0.0000000	+0.0000000
11402.3	0.6123	0.0000000	0.0000000	+0.0000000	+0.0000000
11402.9	0.8050	0.0000000	76.1380	+0.0000000	+0.0000000
11405.1	0.8693	0.0000000	0.0000000	+0.0000000	+0.0000000
11408.3	0.9336	0.0000000	0.0000000	+0.0000000	+0.0000000
11411.1	0.5967	0.0000000	0.0000000	+0.0000000	+0.0000000
11412.2	0.8536	0.0000000	0.0000000	+0.0000000	+0.0000000
11414.9	0.4042	0.0000000	0.0000000	+0.0000000	+0.0000000
11416.6	0.6451	0.0000000	66.8262	+0.0000000	+0.0000000
11418.2	0.6612	0.0000000	0.0000000	+0.0000000	+0.0000000
11422.0	0.5490	0.0000000	0.0000000	+0.0000000	+0.0000000
11423.7	0.4367	0.0000000	0.0000000	+0.0000000	+0.0000000
11427.0	0.2924	0.0000000	0.0000000	+0.0000000	+0.0000000
11427.0	0.2924	0.0000000	0.0000000	+0.0000000	+0.0000000
11427.5	0.6135	0.0000000	0.0000000	+0.0000000	+0.0000000
11430.2	0.9828	0.0000000	0.0000000	+0.0000000	+0.0000000
11430.8	1.159	0.0000000	0.0000000	+0.0000000	+0.0000000
11431.9	1.448	0.0000000	0.0000000	+0.0000000	+0.0000000
11435.7	1.721	0.0000000	0.0000000	+0.0000000	+0.0000000
11436.8	1.849	0.0000000	0.0000000	+0.0000000	+0.0000000
11440.7	1.978	0.0000000	0.0000000	+0.0000000	+0.0000000
11442.3	2.026	0.0000000	0.0000000	+0.0000000	+0.0000000
11443.9	2.299	0.0000000	0.0000000	+0.0000000	+0.0000000
11446.7	2.492	0.0000000	0.0000000	+0.0000000	+0.0000000
11449.4	2.620	0.0000000	0.0000000	+0.0000000	+0.0000000
11451.6	2.797	0.0000000	0.0000000	+0.0000000	+0.0000000
11454.9	2.524	0.0000000	0.0000000	+0.0000000	+0.0000000
11456.0	2.187	0.0000000	0.0000000	+0.0000000	+0.0000000
11461.5	1.851	0.0000000	0.0000000	+0.0000000	+0.0000000
11462.6	1.690	0.0000000	0.0000000	+0.0000000	+0.0000000
11466.9	1.385	0.0000000	0.0000000	+0.0000000	+0.0000000
11471.9	1.097	0.0000000	0.0000000	+0.0000000	+0.0000000
11475.7	0.8244	0.0000000	0.0000000	+0.0000000	+0.0000000
11477.9	0.5516	0.0000000	0.0000000	+0.0000000	+0.0000000
11485.0	0.2630	0.0000000	0.0000000	+0.0000000	+0.0000000

